1 1 1.0295295715332
1 2 0.0472993850708008
2 2 1.02438354492188
1 3 0.0442104339599609
2 3 0.0383691787719727
3 3 1.05799674987793
1 4 0.0445146560668945
2 4 0.0604171752929688
3 4 0.181522369384766
4 4 1.10044860839844
1 5 0.0851078033447266
2 5 0.0483570098876953
3 5 0.0618934631347656
4 5 0.0595121383666992
5 5 1.01996231079102
1 6 0.0570869445800781
2 6 0.0428094863891602
3 6 0.0602455139160156
4 6 0.0385627746582031
5 6 0.0587348937988281
6 6 1.02110290527344
1 7 0.0764837265014648
2 7 0.061549186706543
3 7 0.0404853820800781
4 7 0.0358648300170898
5 7 0.0714693069458008
6 7 0.082855224609375
7 7 1.15057754516602
1 8 0.039057731628418
2 8 0.0412931442260742
3 8 0.0613346099853516
4 8 0.0880184173583984
5 8 0.0489063262939453
6 8 0.0334854125976562
7 8 0.0370111465454102
8 8 1.03827667236328
1 9 0.0384273529052734
2 9 0.047459602355957
3 9 0.0436439514160156
4 9 0.0570526123046875
5 9 0.071528434753418
6 9 0.0448617935180664
7 9 0.0600452423095703
8 9 0.0571489334106445
9 9 1.02070426940918
1 10 0.0485572814941406
2 10 0.0449924468994141
3 10 0.0722875595092773
4 10 0.0775299072265625
5 10 0.090489387512207
6 10 0.0466060638427734
7 10 0.0527029037475586
8 10 0.114475250244141
9 10 0.107555389404297
10 10 1.0190315246582
1 11 0.0463075637817383
2 11 0.0493249893188477
3 11 0.0612564086914062
4 11 0.0400514602661133
5 11 0.0518007278442383
6 11 0.124570846557617
7 11 0.0970516204833984
8 11 0.049138069152832
9 11 0.121383666992188
10 11 0.0471963882446289
11 11 1.03340148925781
1 12 0.199709892272949
2 12 0.0464229583740234
3 12 0.0472402572631836
4 12 0.0700101852416992
5 12 0.0660390853881836
6 12 0.0511074066162109
7 12 0.0568475723266602
8 12 0.0621452331542969
9 12 0.0410547256469727
10 12 0.0527515411376953
11 12 0.040522575378418
12 12 1.0204963684082
1 13 0.0558357238769531
2 13 0.0692081451416016
3 13 0.0472183227539062
4 13 0.0552597045898438
5 13 0.0567188262939453
6 13 0.0619754791259766
7 13 0.0668802261352539
8 13 0.0686759948730469
9 13 0.0602235794067383
10 13 0.053593635559082
11 13 0.070277214050293
12 13 0.0616130828857422
13 13 1.03624725341797
1 14 0.0826883316040039
2 14 0.0631809234619141
3 14 0.0552139282226562
4 14 0.0450611114501953
5 14 0.0867490768432617
6 14 0.0774192810058594
7 14 0.190877914428711
8 14 0.0324897766113281
9 14 0.051539421081543
10 14 0.0491695404052734
11 14 0.0697593688964844
12 14 0.0525550842285156
13 14 0.124038696289062
14 14 1.04171371459961
1 15 0.0454034805297852
2 15 0.0722885131835938
3 15 0.0529861450195312
4 15 0.0501718521118164
5 15 0.0513143539428711
6 15 0.0589313507080078
7 15 0.0487041473388672
8 15 0.077906608581543
9 15 0.0527200698852539
10 15 0.0496492385864258
11 15 0.0551395416259766
12 15 0.0809850692749023
13 15 0.0892515182495117
14 15 0.0573291778564453
15 15 1.01589202880859
1 16 0.0517768859863281
2 16 0.0736980438232422
3 16 0.0332088470458984
4 16 0.0384120941162109
5 16 0.0654945373535156
6 16 0.0524749755859375
7 16 0.312984466552734
8 16 0.0386829376220703
9 16 0.0674400329589844
10 16 0.0506439208984375
11 16 0.067901611328125
12 16 0.0386257171630859
13 16 0.0869083404541016
14 16 0.195985794067383
15 16 0.0558967590332031
16 16 1.15854263305664
1 17 0.221409797668457
2 17 0.0434465408325195
3 17 0.0471611022949219
4 17 0.0460529327392578
5 17 0.0832052230834961
6 17 0.0573463439941406
7 17 0.0720720291137695
8 17 0.036407470703125
9 17 0.0352067947387695
10 17 0.0485868453979492
11 17 0.0418691635131836
12 17 0.158997535705566
13 17 0.0473384857177734
14 17 0.0851211547851562
15 17 0.047062873840332
16 17 0.0438060760498047
17 17 1.03492546081543
1 18 0.0904321670532227
2 18 0.0557823181152344
3 18 0.0367469787597656
4 18 0.0628013610839844
5 18 0.0555601119995117
6 18 0.04541015625
7 18 0.0585651397705078
8 18 0.0464200973510742
9 18 0.0474605560302734
10 18 0.0538873672485352
11 18 0.0415630340576172
12 18 0.0762615203857422
13 18 0.0542821884155273
14 18 0.0546531677246094
15 18 0.0412197113037109
16 18 0.0536003112792969
17 18 0.0978679656982422
18 18 1.02532196044922
1 19 0.0576772689819336
2 19 0.0649700164794922
3 19 0.0352258682250977
4 19 0.0500831604003906
5 19 0.0487804412841797
6 19 0.047734260559082
7 19 0.0506372451782227
8 19 0.0453557968139648
9 19 0.0512990951538086
10 19 0.0473289489746094
11 19 0.0411672592163086
12 19 0.0541496276855469
13 19 0.116489410400391
14 19 0.0566463470458984
15 19 0.0425968170166016
16 19 0.0599308013916016
17 19 0.0650949478149414
18 19 0.122039794921875
19 19 1.01807403564453
1 20 0.0512933731079102
2 20 0.0380268096923828
3 20 0.130533218383789
4 20 0.132444381713867
5 20 0.0622396469116211
6 20 0.0843849182128906
7 20 0.0543794631958008
8 20 0.0522022247314453
9 20 0.106033325195312
10 20 0.0592517852783203
11 20 0.133852958679199
12 20 0.0460481643676758
13 20 0.0564727783203125
14 20 0.0741844177246094
15 20 0.0562009811401367
16 20 0.0365924835205078
17 20 0.0532550811767578
18 20 0.0439090728759766
19 20 0.0413532257080078
20 20 1.0374870300293
1 21 0.0910043716430664
2 21 0.0675802230834961
3 21 0.0441646575927734
4 21 0.0623378753662109
5 21 0.0504350662231445
6 21 0.0501623153686523
7 21 0.0610561370849609
8 21 0.0548734664916992
9 21 0.0587797164916992
10 21 0.0582313537597656
11 21 0.0480289459228516
12 21 0.070897102355957
13 21 0.0952625274658203
14 21 0.0650501251220703
15 21 0.0463762283325195
16 21 0.0695648193359375
17 21 0.0855131149291992
18 21 0.119281768798828
19 21 0.0768136978149414
20 21 0.0429706573486328
21 21 1.02517127990723
1 22 0.0428972244262695
2 22 0.0593395233154297
3 22 0.0811796188354492
4 22 0.0878992080688477
5 22 0.091700553894043
6 22 0.0550670623779297
7 22 0.0637588500976562
8 22 0.0514230728149414
9 22 0.126879692077637
10 22 0.144850730895996
11 22 0.0555133819580078
12 22 0.0579452514648438
13 22 0.0586376190185547
14 22 0.0604915618896484
15 22 0.0508480072021484
16 22 0.0683345794677734
17 22 0.0424327850341797
18 22 0.0613594055175781
19 22 0.0504074096679688
20 22 0.0551843643188477
21 22 0.0604982376098633
22 22 1.03614044189453
1 23 0.0857830047607422
2 23 0.0524072647094727
3 23 0.0478687286376953
4 23 0.0751981735229492
5 23 0.0926647186279297
6 23 0.0459098815917969
7 23 0.0424928665161133
8 23 0.069580078125
9 23 0.041438102722168
10 23 0.0723876953125
11 23 0.0358057022094727
12 23 0.0913047790527344
13 23 0.0536165237426758
14 23 0.0448589324951172
15 23 0.0469903945922852
16 23 0.0388336181640625
17 23 0.0839672088623047
18 23 0.081059455871582
19 23 0.074275016784668
20 23 0.0515565872192383
21 23 0.0534734725952148
22 23 0.0555658340454102
23 23 1.03280258178711
1 24 0.14178466796875
2 24 0.0397768020629883
3 24 0.0406608581542969
4 24 0.0418968200683594
5 24 0.0783157348632812
6 24 0.0495100021362305
7 24 0.0460929870605469
8 24 0.0408105850219727
9 24 0.0506229400634766
10 24 0.0550737380981445
11 24 0.0383834838867188
12 24 0.119980812072754
13 24 0.0651874542236328
14 24 0.0555047988891602
15 24 0.0486574172973633
16 24 0.0463237762451172
17 24 0.0884857177734375
18 24 0.0528097152709961
19 24 0.0526647567749023
20 24 0.0400257110595703
21 24 0.0885820388793945
22 24 0.0403709411621094
23 24 0.097508430480957
24 24 1.03734970092773
1 25 0.0923490524291992
2 25 0.0463790893554688
3 25 0.0378131866455078
4 25 0.0366048812866211
5 25 0.0592508316040039
6 25 0.0611362457275391
7 25 0.0645790100097656
8 25 0.0341291427612305
9 25 0.0363283157348633
10 25 0.0541067123413086
11 25 0.0413589477539062
12 25 0.0749788284301758
13 25 0.0549554824829102
14 25 0.0600261688232422
15 25 0.0543498992919922
16 25 0.0512275695800781
17 25 0.0988073348999023
18 25 0.0670890808105469
19 25 0.0668239593505859
20 25 0.0437288284301758
21 25 0.0585222244262695
22 25 0.0410842895507812
23 25 0.0831174850463867
24 25 0.0852251052856445
25 25 1.02217483520508
1 26 0.0880746841430664
2 26 0.293128967285156
3 26 0.0384616851806641
4 26 0.0525035858154297
5 26 0.0539226531982422
6 26 0.0490550994873047
7 26 0.0713176727294922
8 26 0.0490951538085938
9 26 0.0491323471069336
10 26 0.0490884780883789
11 26 0.0515785217285156
12 26 0.0729608535766602
13 26 0.07989501953125
14 26 0.0733270645141602
15 26 0.0696907043457031
16 26 0.077667236328125
17 26 0.0881004333496094
18 26 0.117774963378906
19 26 0.0839481353759766
20 26 0.0401077270507812
21 26 0.132296562194824
22 26 0.0568952560424805
23 26 0.0670385360717773
24 26 0.0514154434204102
25 26 0.0898361206054688
26 26 1.02931213378906
1 27 0.0484018325805664
2 27 0.0481548309326172
3 27 0.308114051818848
4 27 0.161346435546875
5 27 0.0610361099243164
6 27 0.0513677597045898
7 27 0.0427532196044922
8 27 0.0670852661132812
9 27 0.049006462097168
10 27 0.0737457275390625
11 27 0.0544357299804688
12 27 0.0475549697875977
13 27 0.0637521743774414
14 27 0.0511074066162109
15 27 0.0442991256713867
16 27 0.0414600372314453
17 27 0.0474920272827148
18 27 0.0516510009765625
19 27 0.0453433990478516
20 27 0.110092163085938
21 27 0.103951454162598
22 27 0.0868873596191406
23 27 0.0553684234619141
24 27 0.0422811508178711
25 27 0.0376672744750977
26 27 0.0429105758666992
27 27 1.02633476257324
1 28 0.070897102355957
2 28 0.0426502227783203
3 28 0.119810104370117
4 28 0.332443237304688
5 28 0.0617437362670898
6 28 0.0455894470214844
7 28 0.0438013076782227
8 28 0.0630702972412109
9 28 0.0427188873291016
10 28 0.0586395263671875
11 28 0.0375204086303711
12 28 0.0771017074584961
13 28 0.0477333068847656
14 28 0.0591602325439453
15 28 0.0497617721557617
16 28 0.0359439849853516
17 28 0.0931797027587891
18 28 0.136444091796875
19 28 0.122095108032227
20 28 0.102502822875977
21 28 0.0547809600830078
22 28 0.065424919128418
23 28 0.0720758438110352
24 28 0.053924560546875
25 28 0.0588960647583008
26 28 0.0573635101318359
27 28 0.116128921508789
28 28 1.02230834960938
1 29 0.0762042999267578
2 29 0.0378704071044922
3 29 0.0524444580078125
4 29 0.0556764602661133
5 29 0.288074493408203
6 29 0.0508346557617188
7 29 0.0346593856811523
8 29 0.0712413787841797
9 29 0.0408086776733398
10 29 0.0562047958374023
11 29 0.0381193161010742
12 29 0.181788444519043
13 29 0.0726413726806641
14 29 0.0569601058959961
15 29 0.119553565979004
16 29 0.03204345703125
17 29 0.079564094543457
18 29 0.046839714050293
19 29 0.0431995391845703
20 29 0.0548181533813477
21 29 0.0445966720581055
22 29 0.0395040512084961
23 29 0.0837860107421875
24 29 0.0791740417480469
25 29 0.0596952438354492
26 29 0.0388641357421875
27 29 0.0488958358764648
28 29 0.0587778091430664
29 29 1.02280044555664
1 30 0.124002456665039
2 30 0.0509462356567383
3 30 0.0446796417236328
4 30 0.0447254180908203
5 30 0.05743408203125
6 30 0.290630340576172
7 30 0.0671176910400391
8 30 0.0380802154541016
9 30 0.0461130142211914
10 30 0.0511436462402344
11 30 0.0478897094726562
12 30 0.090545654296875
13 30 0.0596065521240234
14 30 0.0806617736816406
15 30 0.0593376159667969
16 30 0.0579795837402344
17 30 0.130605697631836
18 30 0.0861015319824219
19 30 0.0591669082641602
20 30 0.0594425201416016
21 30 0.0872888565063477
22 30 0.0623455047607422
23 30 0.0504264831542969
24 30 0.0550756454467773
25 30 0.0840263366699219
26 30 0.0840263366699219
27 30 0.0470762252807617
28 30 0.0590724945068359
29 30 0.0583457946777344
30 30 1.02388763427734
1 31 0.0518350601196289
2 31 0.0629425048828125
3 31 0.0453805923461914
4 31 0.0498390197753906
5 31 0.0673866271972656
6 31 0.0822057723999023
7 31 0.368352890014648
8 31 0.10322380065918
9 31 0.0791692733764648
10 31 0.0581684112548828
11 31 0.114341735839844
12 31 0.0434246063232422
13 31 0.0708551406860352
14 31 0.128155708312988
15 31 0.0472536087036133
16 31 0.193014144897461
17 31 0.0475711822509766
18 31 0.0545940399169922
19 31 0.0529232025146484
20 31 0.0778484344482422
21 31 0.0545558929443359
22 31 0.0637903213500977
23 31 0.0602817535400391
24 31 0.0431985855102539
25 31 0.0469446182250977
26 31 0.0592899322509766
27 31 0.0519590377807617
28 31 0.0476894378662109
29 31 0.0366535186767578
30 31 0.0498666763305664
31 31 1.04092788696289
1 32 0.0428781509399414
2 32 0.0445528030395508
3 32 0.0624523162841797
4 32 0.114297866821289
5 32 0.0565967559814453
6 32 0.0356082916259766
7 32 0.0433664321899414
8 32 0.328449249267578
9 32 0.0659170150756836
10 32 0.0759658813476562
11 32 0.0488672256469727
12 32 0.0763206481933594
13 32 0.0725803375244141
14 32 0.0354423522949219
15 32 0.076817512512207
16 32 0.0465030670166016
17 32 0.0389080047607422
18 32 0.087275505065918
19 32 0.0556573867797852
20 32 0.0510578155517578
21 32 0.0579500198364258
22 32 0.0831403732299805
23 32 0.108152389526367
24 32 0.043309211730957
25 32 0.0391054153442383
26 32 0.0498161315917969
27 32 0.0769424438476562
28 32 0.0870380401611328
29 32 0.0708370208740234
30 32 0.0444984436035156
31 32 0.115266799926758
32 32 1.04452133178711
1 33 0.0384149551391602
2 33 0.0512418746948242
3 33 0.0468463897705078
4 33 0.0695371627807617
5 33 0.0568046569824219
6 33 0.046259880065918
7 33 0.168567657470703
8 33 0.0586032867431641
9 33 0.291281700134277
10 33 0.0559720993041992
11 33 0.119356155395508
12 33 0.0558605194091797
13 33 0.0585231781005859
14 33 0.110383033752441
15 33 0.048466682434082
16 33 0.172309875488281
17 33 0.0357761383056641
18 33 0.0520477294921875
19 33 0.0557126998901367
20 33 0.106316566467285
21 33 0.0484790802001953
22 33 0.0702753067016602
23 33 0.05548095703125
24 33 0.0369634628295898
25 33 0.0381345748901367
26 33 0.0550451278686523
27 33 0.0491275787353516
28 33 0.0566091537475586
29 33 0.0429935455322266
30 33 0.0436792373657227
31 33 0.131801605224609
32 33 0.0732059478759766
33 33 1.01921081542969
1 34 0.0471792221069336
2 34 0.0470743179321289
3 34 0.0656900405883789
4 34 0.0657939910888672
5 34 0.0871410369873047
6 34 0.0552492141723633
7 34 0.0551252365112305
8 34 0.0615320205688477
9 34 0.122634887695312
10 34 0.290322303771973
11 34 0.0678720474243164
12 34 0.0697517395019531
13 34 0.0649538040161133
14 34 0.0549774169921875
15 34 0.0826511383056641
16 34 0.0585136413574219
17 34 0.0484867095947266
18 34 0.0506258010864258
19 34 0.0444192886352539
20 34 0.0702476501464844
21 34 0.0456380844116211
22 34 0.158085823059082
23 34 0.0587730407714844
24 34 0.0535211563110352
25 34 0.0515651702880859
26 34 0.0465526580810547
27 34 0.0642232894897461
28 34 0.0590190887451172
29 34 0.077850341796875
30 34 0.0528745651245117
31 34 0.0697917938232422
32 34 0.0759153366088867
33 34 0.0719623565673828
34 34 1.02379417419434
1 35 0.10533618927002
2 35 0.0445127487182617
3 35 0.0614833831787109
4 35 0.0456781387329102
5 35 0.092829704284668
6 35 0.0753154754638672
7 35 0.060394287109375
8 35 0.0457639694213867
9 35 0.0991172790527344
10 35 0.0596952438354492
11 35 0.288118362426758
12 35 0.0872602462768555
13 35 0.0567922592163086
14 35 0.0719623565673828
15 35 0.0633201599121094
16 35 0.0510368347167969
17 35 0.10077953338623
18 35 0.0469913482666016
19 35 0.0430574417114258
20 35 0.117117881774902
21 35 0.0513763427734375
22 35 0.0481700897216797
23 35 0.110175132751465
24 35 0.118417739868164
25 35 0.0729846954345703
26 35 0.0499687194824219
27 35 0.0544528961181641
28 35 0.0559225082397461
29 35 0.0879144668579102
30 35 0.0593719482421875
31 35 0.0670337677001953
32 35 0.0423116683959961
33 35 0.101253509521484
34 35 0.0717573165893555
35 35 1.01614761352539
1 36 0.126249313354492
2 36 0.0428714752197266
3 36 0.0816020965576172
4 36 0.0578689575195312
5 36 0.0594997406005859
6 36 0.0520877838134766
7 36 0.0554370880126953
8 36 0.0447273254394531
9 36 0.0389003753662109
10 36 0.0753173828125
11 36 0.0446720123291016
12 36 0.280385971069336
13 36 0.0437831878662109
14 36 0.0517539978027344
15 36 0.0428619384765625
16 36 0.0335464477539062
17 36 0.128530502319336
18 36 0.0725803375244141
19 36 0.0605754852294922
20 36 0.0549087524414062
21 36 0.0620155334472656
22 36 0.111644744873047
23 36 0.0720558166503906
24 36 0.0360641479492188
25 36 0.0702590942382812
26 36 0.0732517242431641
27 36 0.0693550109863281
28 36 0.0613136291503906
29 36 0.0420398712158203
30 36 0.0843219757080078
31 36 0.0401744842529297
32 36 0.0556716918945312
33 36 0.0552806854248047
34 36 0.0783538818359375
35 36 0.0472393035888672
36 36 1.01420593261719
1 37 0.0623950958251953
2 37 0.060338020324707
3 37 0.0524883270263672
4 37 0.0670385360717773
5 37 0.053217887878418
6 37 0.0467758178710938
7 37 0.0547714233398438
8 37 0.12681770324707
9 37 0.0575942993164062
10 37 0.109086036682129
11 37 0.0605049133300781
12 37 0.0692319869995117
13 37 0.309791564941406
14 37 0.0562467575073242
15 37 0.0884456634521484
16 37 0.0682506561279297
17 37 0.0516376495361328
18 37 0.0492696762084961
19 37 0.10825252532959
20 37 0.0526399612426758
21 37 0.0785894393920898
22 37 0.0537071228027344
23 37 0.0653972625732422
24 37 0.0867233276367188
25 37 0.0692100524902344
26 37 0.0722370147705078
27 37 0.0562896728515625
28 37 0.0531206130981445
29 37 0.0780744552612305
30 37 0.0510692596435547
31 37 0.0586156845092773
32 37 0.0853767395019531
33 37 0.0539760589599609
34 37 0.0675640106201172
35 37 0.0666122436523438
36 37 0.0422096252441406
37 37 1.03093719482422
1 38 0.0813989639282227
2 38 0.0479745864868164
3 38 0.13587474822998
4 38 0.144545555114746
5 38 0.0722932815551758
6 38 0.0751247406005859
7 38 0.0573205947875977
8 38 0.0490236282348633
9 38 0.0446672439575195
10 38 0.0517492294311523
11 38 0.071690559387207
12 38 0.0568571090698242
13 38 0.111600875854492
14 38 0.305105209350586
15 38 0.0547780990600586
16 38 0.0554561614990234
17 38 0.0831031799316406
18 38 0.0483112335205078
19 38 0.0496664047241211
20 38 0.12351131439209
21 38 0.0594387054443359
22 38 0.0501470565795898
23 38 0.0508403778076172
24 38 0.0570621490478516
25 38 0.0513906478881836
26 38 0.0553321838378906
27 38 0.12191104888916
28 38 0.12120532989502
29 38 0.0691289901733398
30 38 0.0608749389648438
31 38 0.0585317611694336
32 38 0.0498781204223633
33 38 0.0478458404541016
34 38 0.0483627319335938
35 38 0.0833120346069336
36 38 0.0451297760009766
37 38 0.0557804107666016
38 38 1.03633308410645
1 39 0.0451622009277344
2 39 0.0563859939575195
3 39 0.0727205276489258
4 39 0.0450420379638672
5 39 0.054229736328125
6 39 0.0687780380249023
7 39 0.0406169891357422
8 39 0.033015251159668
9 39 0.0356464385986328
10 39 0.0408334732055664
11 39 0.0485363006591797
12 39 0.0468082427978516
13 39 0.0486783981323242
14 39 0.05596923828125
15 39 0.280890464782715
16 39 0.0419082641601562
17 39 0.0545930862426758
18 39 0.0426273345947266
19 39 0.0428476333618164
20 39 0.0506191253662109
21 39 0.0421924591064453
22 39 0.0483560562133789
23 39 0.0504541397094727
24 39 0.043971061706543
25 39 0.0561895370483398
26 39 0.0559320449829102
27 39 0.0451698303222656
28 39 0.0496940612792969
29 39 0.0481624603271484
30 39 0.0606222152709961
31 39 0.042811393737793
32 39 0.0370855331420898
33 39 0.0368795394897461
34 39 0.0463504791259766
35 39 0.0544376373291016
36 39 0.0474014282226562
37 39 0.0396251678466797
38 39 0.0599918365478516
39 39 1.0239086151123
1 40 0.0570907592773438
2 40 0.0650358200073242
3 40 0.112563133239746
4 40 0.134202003479004
5 40 0.0663051605224609
6 40 0.0619010925292969
7 40 0.189728736877441
8 40 0.049473762512207
9 40 0.0774192810058594
10 40 0.0533838272094727
11 40 0.0836210250854492
12 40 0.0439653396606445
13 40 0.0943126678466797
14 40 0.140769958496094
15 40 0.060154914855957
16 40 0.372627258300781
17 40 0.0519905090332031
18 40 0.05499267578125
19 40 0.0637979507446289
20 40 0.121199607849121
21 40 0.0732460021972656
22 40 0.0649747848510742
23 40 0.0475635528564453
24 40 0.0546903610229492
25 40 0.0506258010864258
26 40 0.0732412338256836
27 40 0.106499671936035
28 40 0.101969718933105
29 40 0.0457572937011719
30 40 0.0593242645263672
31 40 0.144487380981445
32 40 0.0595560073852539
33 40 0.126479148864746
34 40 0.0628814697265625
35 40 0.0658941268920898
36 40 0.0367336273193359
37 40 0.078761100769043
38 40 0.125154495239258
39 40 0.04949951171875
40 40 1.0341796875
1 41 0.0868330001831055
2 41 0.0485477447509766
3 41 0.0885715484619141
4 41 0.0550298690795898
5 41 0.102108955383301
6 41 0.0650062561035156
7 41 0.0505895614624023
8 41 0.0502834320068359
9 41 0.0391302108764648
10 41 0.0773200988769531
11 41 0.0509881973266602
12 41 0.066131591796875
13 41 0.0537033081054688
14 41 0.0796985626220703
15 41 0.0493459701538086
16 41 0.04339599609375
17 41 0.297497749328613
18 41 0.0458660125732422
19 41 0.0447769165039062
20 41 0.0617399215698242
21 41 0.0474157333374023
22 41 0.107316017150879
23 41 0.0812740325927734
24 41 0.0801906585693359
25 41 0.0598669052124023
26 41 0.0549850463867188
27 41 0.0794363021850586
28 41 0.0620145797729492
29 41 0.0777063369750977
30 41 0.0614280700683594
31 41 0.0449457168579102
32 41 0.0400848388671875
33 41 0.0419158935546875
34 41 0.0825824737548828
35 41 0.0964879989624023
36 41 0.103120803833008
37 41 0.0537967681884766
38 41 0.0762290954589844
39 41 0.0604619979858398
40 41 0.0546150207519531
41 41 1.01649856567383
1 42 0.0859289169311523
2 42 0.0583400726318359
3 42 0.0460739135742188
4 42 0.0610027313232422
5 42 0.0548200607299805
6 42 0.0602188110351562
7 42 0.0636997222900391
8 42 0.0386686325073242
9 42 0.0514545440673828
10 42 0.042201042175293
11 42 0.0643215179443359
12 42 0.0695762634277344
13 42 0.0818796157836914
14 42 0.0881385803222656
15 42 0.0456447601318359
16 42 0.0549545288085938
17 42 0.0872802734375
18 42 0.283859252929688
19 42 0.0630855560302734
20 42 0.0623703002929688
21 42 0.111013412475586
22 42 0.0608787536621094
23 42 0.0620431900024414
24 42 0.0504465103149414
25 42 0.0511054992675781
26 42 0.109325408935547
27 42 0.0475597381591797
28 42 0.0583553314208984
29 42 0.0416936874389648
30 42 0.080169677734375
31 42 0.0629482269287109
32 42 0.0729818344116211
33 42 0.0561408996582031
34 42 0.0539216995239258
35 42 0.0579471588134766
36 42 0.0661945343017578
37 42 0.0501947402954102
38 42 0.0794868469238281
39 42 0.0498065948486328
40 42 0.0647907257080078
41 42 0.053985595703125
42 42 1.01374816894531
1 43 0.046391487121582
2 43 0.0682086944580078
3 43 0.0522680282592773
4 43 0.0837993621826172
5 43 0.0480003356933594
6 43 0.0413026809692383
7 43 0.0469865798950195
8 43 0.0748395919799805
9 43 0.0580511093139648
10 43 0.0631446838378906
11 43 0.0412359237670898
12 43 0.0553932189941406
13 43 0.145475387573242
14 43 0.0552730560302734
15 43 0.0394878387451172
16 43 0.0702762603759766
17 43 0.046452522277832
18 43 0.0542583465576172
19 43 0.288349151611328
20 43 0.0411949157714844
21 43 0.105559349060059
22 43 0.0608673095703125
23 43 0.0603036880493164
24 43 0.0483560562133789
25 43 0.0447864532470703
26 43 0.0802841186523438
27 43 0.0794830322265625
28 43 0.059173583984375
29 43 0.0392837524414062
30 43 0.0506258010864258
31 43 0.0546531677246094
32 43 0.0788164138793945
33 43 0.0643758773803711
34 43 0.0507669448852539
35 43 0.0408906936645508
36 43 0.0491847991943359
37 43 0.122078895568848
38 43 0.0552377700805664
39 43 0.0374174118041992
40 43 0.0712385177612305
41 43 0.0447273254394531
42 43 0.0529747009277344
43 43 1.02980041503906
1 44 0.0549535751342773
2 44 0.0378837585449219
3 44 0.137319564819336
4 44 0.129095077514648
5 44 0.0601358413696289
6 44 0.06683349609375
7 44 0.0504541397094727
8 44 0.0522003173828125
9 44 0.0443191528320312
10 44 0.0534152984619141
11 44 0.0682821273803711
12 44 0.0508661270141602
13 44 0.0532398223876953
14 44 0.0598487854003906
15 44 0.0542707443237305
16 44 0.0336437225341797
17 44 0.0665988922119141
18 44 0.0483169555664062
19 44 0.0427398681640625
20 44 0.300830841064453
21 44 0.0429935455322266
22 44 0.0481424331665039
23 44 0.0519857406616211
24 44 0.0390720367431641
25 44 0.0480546951293945
26 44 0.0412502288818359
27 44 0.105224609375
28 44 0.107736587524414
29 44 0.0605573654174805
30 44 0.0502681732177734
31 44 0.0578765869140625
32 44 0.0508537292480469
33 44 0.0477762222290039
34 44 0.0557289123535156
35 44 0.0574140548706055
36 44 0.0560760498046875
37 44 0.0473852157592773
38 44 0.119215965270996
39 44 0.0970344543457031
40 44 0.103354454040527
41 44 0.0654115676879883
42 44 0.0594730377197266
43 44 0.0410785675048828
44 44 1.02605819702148
1 45 0.0545539855957031
2 45 0.116909027099609
3 45 0.0400457382202148
4 45 0.0625877380371094
5 45 0.0639657974243164
6 45 0.0435447692871094
7 45 0.0804290771484375
8 45 0.0501880645751953
9 45 0.0632171630859375
10 45 0.0563745498657227
11 45 0.05224609375
12 45 0.0468082427978516
13 45 0.0915136337280273
14 45 0.0755548477172852
15 45 0.0594406127929688
16 45 0.0962352752685547
17 45 0.0458049774169922
18 45 0.0529537200927734
19 45 0.0646820068359375
20 45 0.0382518768310547
21 45 0.30665397644043
22 45 0.0654497146606445
23 45 0.0471858978271484
24 45 0.0797338485717773
25 45 0.0447254180908203
26 45 0.116938591003418
27 45 0.101959228515625
28 45 0.0478572845458984
29 45 0.0358438491821289
30 45 0.0505962371826172
31 45 0.0754270553588867
32 45 0.0578136444091797
33 45 0.0609569549560547
34 45 0.0517892837524414
35 45 0.0499477386474609
36 45 0.0366935729980469
37 45 0.0717020034790039
38 45 0.0545101165771484
39 45 0.0369701385498047
40 45 0.0822629928588867
41 45 0.0456342697143555
42 45 0.0521183013916016
43 45 0.0968341827392578
44 45 0.0362491607666016
45 45 1.01982116699219
1 46 0.049041748046875
2 46 0.069890022277832
3 46 0.0501537322998047
4 46 0.0750904083251953
5 46 0.0907869338989258
6 46 0.065948486328125
7 46 0.0753936767578125
8 46 0.0510149002075195
9 46 0.12288761138916
10 46 0.111455917358398
11 46 0.0684261322021484
12 46 0.0595951080322266
13 46 0.146142959594727
14 46 0.0878124237060547
15 46 0.0522880554199219
16 46 0.0876560211181641
17 46 0.0465431213378906
18 46 0.0639076232910156
19 46 0.117077827453613
20 46 0.0599727630615234
21 46 0.0826663970947266
22 46 0.312335968017578
23 46 0.0604219436645508
24 46 0.0496368408203125
25 46 0.0475234985351562
26 46 0.0827093124389648
27 46 0.0525226593017578
28 46 0.0618934631347656
29 46 0.0400114059448242
30 46 0.0634288787841797
31 46 0.074793815612793
32 46 0.0735864639282227
33 46 0.0762910842895508
34 46 0.121973037719727
35 46 0.0520477294921875
36 46 0.065032958984375
37 46 0.119257926940918
38 46 0.0699653625488281
39 46 0.051264762878418
40 46 0.0908451080322266
41 46 0.0613327026367188
42 46 0.0942363739013672
43 46 0.12589168548584
44 46 0.0526161193847656
45 46 0.082758903503418
46 46 1.03097534179688
1 47 0.0640230178833008
2 47 0.0522642135620117
3 47 0.124078750610352
4 47 0.116172790527344
5 47 0.0718193054199219
6 47 0.0439004898071289
7 47 0.0428972244262695
8 47 0.0777397155761719
9 47 0.0446710586547852
10 47 0.0718278884887695
11 47 0.0395116806030273
12 47 0.0737771987915039
13 47 0.0541782379150391
14 47 0.0434274673461914
15 47 0.0490570068359375
16 47 0.0496234893798828
17 47 0.0637645721435547
18 47 0.0745935440063477
19 47 0.0577611923217773
20 47 0.0590114593505859
21 47 0.0568761825561523
22 47 0.0604877471923828
23 47 0.330180168151855
24 47 0.0726585388183594
25 47 0.0559787750244141
26 47 0.0587892532348633
27 47 0.0733776092529297
28 47 0.084747314453125
29 47 0.0654144287109375
30 47 0.047734260559082
31 47 0.062748908996582
32 47 0.116943359375
33 47 0.0544214248657227
34 47 0.0596113204956055
35 47 0.0776376724243164
36 47 0.0567722320556641
37 47 0.0640316009521484
38 47 0.0642070770263672
39 47 0.0620803833007812
40 47 0.0637331008911133
41 47 0.0641231536865234
42 47 0.0604867935180664
43 47 0.0676374435424805
44 47 0.0682964324951172
45 47 0.0501556396484375
46 47 0.0581083297729492
47 47 1.02861976623535
1 48 0.133556365966797
2 48 0.0475091934204102
3 48 0.0494365692138672
4 48 0.0763320922851562
5 48 0.0847949981689453
6 48 0.0538454055786133
7 48 0.0483303070068359
8 48 0.0534582138061523
9 48 0.0464553833007812
10 48 0.0646238327026367
11 48 0.0411510467529297
12 48 0.137209892272949
13 48 0.0568332672119141
14 48 0.0552339553833008
15 48 0.0474138259887695
16 48 0.0464611053466797
17 48 0.0863704681396484
18 48 0.0873823165893555
19 48 0.0574712753295898
20 48 0.0487651824951172
21 48 0.055994987487793
22 48 0.0672111511230469
23 48 0.137492179870605
24 48 0.319469451904297
25 48 0.081974983215332
26 48 0.0552759170532227
27 48 0.0577878952026367
28 48 0.0790061950683594
29 48 0.0797672271728516
30 48 0.0655679702758789
31 48 0.0522623062133789
32 48 0.116580009460449
33 48 0.061406135559082
34 48 0.0692644119262695
35 48 0.114269256591797
36 48 0.0568695068359375
37 48 0.0747966766357422
38 48 0.0616531372070312
39 48 0.0498991012573242
40 48 0.0523347854614258
41 48 0.0833816528320312
42 48 0.079197883605957
43 48 0.0551233291625977
44 48 0.0465373992919922
45 48 0.0525903701782227
46 48 0.0672779083251953
47 48 0.109668731689453
48 48 1.02169418334961
1 49 0.0773963928222656
2 49 0.0398740768432617
3 49 0.0419692993164062
4 49 0.0368633270263672
5 49 0.0598297119140625
6 49 0.118446350097656
7 49 0.0618438720703125
8 49 0.0330085754394531
9 49 0.0341901779174805
10 49 0.05108642578125
11 49 0.0384883880615234
12 49 0.0680522918701172
13 49 0.0494594573974609
14 49 0.0612545013427734
15 49 0.0539951324462891
16 49 0.045806884765625
17 49 0.0846061706542969
18 49 0.0541744232177734
19 49 0.0458211898803711
20 49 0.0533542633056641
21 49 0.0493669509887695
22 49 0.0464725494384766
23 49 0.0590915679931641
24 49 0.0730218887329102
25 49 0.310598373413086
26 49 0.0520763397216797
27 49 0.0418577194213867
28 49 0.0518398284912109
29 49 0.0604820251464844
30 49 0.133785247802734
31 49 0.0428857803344727
32 49 0.0387783050537109
33 49 0.0360651016235352
34 49 0.0524015426635742
35 49 0.0633831024169922
36 49 0.0569591522216797
37 49 0.0578384399414062
38 49 0.0461254119873047
39 49 0.0586118698120117
40 49 0.0474643707275391
41 49 0.0613861083984375
42 49 0.0458240509033203
43 49 0.0381841659545898
44 49 0.0443859100341797
45 49 0.0384273529052734
46 49 0.0476398468017578
47 49 0.0499181747436523
48 49 0.0701513290405273
49 49 1.02323150634766
1 50 0.330347061157227
2 50 0.0609474182128906
3 50 0.0405464172363281
4 50 0.0675764083862305
5 50 0.0536670684814453
6 50 0.0464048385620117
7 50 0.0694952011108398
8 50 0.0550765991210938
9 50 0.0495967864990234
10 50 0.051152229309082
11 50 0.0440301895141602
12 50 0.151336669921875
13 50 0.0556831359863281
14 50 0.0539360046386719
15 50 0.0541095733642578
16 50 0.0508823394775391
17 50 0.171006202697754
18 50 0.12115478515625
19 50 0.0635299682617188
20 50 0.0418672561645508
21 50 0.0884723663330078
22 50 0.0683622360229492
23 50 0.0932188034057617
24 50 0.0578041076660156
25 50 0.0709457397460938
26 50 0.103050231933594
27 50 0.0504608154296875
28 50 0.0795125961303711
29 50 0.0404109954833984
30 50 0.114315986633301
31 50 0.054840087890625
32 50 0.118432998657227
33 50 0.0567989349365234
34 50 0.0560302734375
35 50 0.0513601303100586
36 50 0.143457412719727
37 50 0.0580387115478516
38 50 0.0496110916137695
39 50 0.0533475875854492
40 50 0.0520391464233398
41 50 0.0473871231079102
42 50 0.107654571533203
43 50 0.0591659545898438
44 50 0.045191764831543
45 50 0.0503931045532227
46 50 0.0694141387939453
47 50 0.0911321640014648
48 50 0.116607666015625
49 50 0.0635995864868164
50 50 1.01945877075195
