1.9933613960567
2.25477753424116
2.25667634880956
2.02842133157754
2.21461823156819
2.0346345525378
2.48226530128435
1.99218917122706
2.14958427586603
2.08711658286365
2.04953394384258
2.05424125417861
1.93163463560811
2.14819323936021
1.9810298728793
1.92126035635134
2.18296624120577
1.926952095885
1.95144030445029
2.23120591186565
2.06214790458454
2.05845768431543
1.94891221657036
1.89888101561388
2.20082817586607
2.30562440945432
2.16168862522673
2.19224383922805
1.99786223196946
2.09683182864771
1.83483491705303
2.03002474873315
1.98042923575421
2.19060286485688
1.75769597852378
1.84131928596566
1.93010186162344
1.9741936348604
2.32344323918851
2.13921050257972
1.84113665280377
2.19333926600814
1.92731134566214
2.25173695790271
2.22799131270243
2.00073548649006
1.85110984113222
1.63614346246932
2.04801046748292
2.00813646025677
2.16257046751991
1.87773286718433
2.14836593215295
2.0613898519156
1.56531029518619
2.17798771576732
2.28428819699211
1.88251743821103
1.79620725215529
1.84723990566263
1.86059815815329
2.16826524347894
2.42776365257983
2.10118388199518
1.94570118682371
2.07903283583774
2.32467306361711
2.05482147975699
1.90355087961916
2.12712232866272
2.23557952510184
1.88629845714485
2.19089637003726
2.08954248903318
2.3545467839049
2.66926852112985
1.94521431899929
2.22732519224063
1.94972976594695
2.0083215692012
2.4640711220255
2.17768868894728
1.95073462541297
1.95158105543003
1.84173515051578
1.70186621097459
1.91979347232619
2.07954873000011
1.93584948586745
2.42922896963437
1.90059665652453
2.48983005984111
1.97847196269577
2.07301616921596
2.07258579841405
2.09068607552228
2.14488154835994
2.0153709072443
2.20470657144987
2.04844205745318
