2.27836925248548
1.55677553244166
1.79416492932801
1.82532745640158
2.13380476223672
2.31539307682062
2.16024833247848
2.26120742190212
2.10375775220373
2.22745201906775
1.70344027388495
2.07188833636747
2.33332540402444
2.40573901767832
1.94384869842463
1.99260365768391
2.41666022776342
1.87116685984892
1.77896994103558
2.082977657511
2.35384557162386
1.78582598738266
1.72943001879821
2.13795579791512
1.9650540730059
1.89751907330532
1.98785363346107
1.9158927433944
2.19704568171853
2.54101226595712
2.20130621705557
2.27940365021656
2.02212534331365
2.0767567569044
1.99925139185396
2.27337054014477
2.27170034292786
1.9643203781254
2.38932931925176
2.25594709513385
2.21402215675175
1.81883061385928
1.77791436651531
2.10044371543359
1.81869443484659
2.11049297849459
2.31082776555276
2.29524288016144
2.07951930493505
2.01105892487223
2.06108393331262
2.09205208060449
1.83605440452428
2.22941212745654
2.24546699292884
1.9869564883936
1.9932780810058
2.09411592323726
2.31065297006541
2.1103016942442
2.14814499827292
2.17365643882331
2.15019171928724
2.20504040314545
2.15343800106672
2.31600135670812
1.76213948889731
2.10549954217929
2.16140283881524
1.9145647817848
1.68667223571519
2.15389036392943
1.95857330166002
2.37110356035103
2.0301453999002
2.16106791610031
2.05851659227831
2.45569604005039
1.89589089105273
2.44585454875201
1.75256566880443
1.85702315001225
2.03203625218417
1.9659385798397
2.19858401720576
2.28771837328333
2.14526439894686
2.00881391033935
2.19064126996748
2.05751387336841
1.98217668910828
2.33795755066352
2.11645625696994
1.34472829781209
1.85822716535599
2.10949579038856
1.92634791326458
1.92369195231419
1.81541149611429
2.22030104652693
1.55878058431125
1.97419983367066
1.95534453668566
2.1075225171848
1.9754174876131
1.97699169284406
2.27645263240183
2.17458182073362
2.03419363913627
2.38674233702486
2.04204565289236
2.19724023750205
1.97120509408289
2.2047735475844
1.57440448536131
2.48563947365244
2.29656899615527
1.73969662497004
2.1808078201818
2.05593536224687
1.99722255909132
1.86681008014334
2.06327863639435
2.19055021448367
1.7675832080568
2.35340278486477
2.24092268323645
2.43556194810533
1.77179983686393
2.11949820536008
2.26821853991344
1.82875389427409
1.92460941039973
2.21082000189827
2.17732271187632
1.88053187664953
2.24071378401365
1.71450998984475
1.87081502999759
2.33610102269953
2.13628450844043
1.9118034672723
2.17153680848149
2.17336715251653
2.04167825165267
1.96951917619333
2.11441297793984
2.27275271423038
1.75991303498901
1.7382497137152
2.16183574025908
2.09882298689942
1.8668625479377
2.21955735317864
2.27664319185351
1.8743384397223
1.81478022331326
2.07765511136143
2.2215658626015
2.57076275553737
2.19616183850824
1.77318785104802
1.99542039474573
2.24146215496827
1.97932460691943
1.75072767980462
2.19544019292428
1.93075732512278
2.07396699632564
2.19509438861749
1.84144804474742
1.86161739192818
2.04453681725251
1.90398648459046
2.17905905738276
2.37358229669733
1.94658458753246
2.11767501257505
2.3686056990864
2.14030219229411
2.26892863885338
1.85826539316493
2.25335729090733
1.71280955428547
2.07800763540059
2.04096963567695
1.69061615717797
2.16966107420446
2.24560159413176
2.11741314590359
2.26076530326534
1.80321214203252
2.188933539519
2.34412687291233
1.63386177453199
1.96558546070202
2.00085343581959
2.16787149655419
2.63068705433158
2.13970120555926
2.00219498976556
2.01644090314756
1.90231669607065
2.07890231887068
2.0881262248556
2.09131058561204
2.28541723561532
2.35181104619393
2.02545673163865
2.03454680935379
2.03521879040079
2.36757465079113
2.14643132486698
2.09298512334842
2.21315821040232
1.90923479449838
1.95162885717547
1.95139903615897
1.90312786709891
2.18187861595904
2.08060035862583
1.85917611159183
2.27094010559152
2.29284639004181
1.80638730242807
2.06097812303186
2.09219545002723
1.82485121458308
2.42067958615361
2.40772050583696
2.09996695432085
2.50180271416646
2.24743323758496
1.77626860011709
1.95448743969846
2.28612652406977
2.10135598469575
1.59017202977146
1.98924425869329
1.82268774646243
2.02721720988163
2.344488169582
2.08316707861427
1.88365837857826
2.26915447187387
1.93372687504737
2.5321615578075
2.21258481930738
2.02365413649283
1.92204560050322
2.09608780443605
1.89227776736421
2.29908361480242
2.19618650902648
2.28590720710987
2.12967007611426
1.8518494724721
1.79892630771849
1.73413644265824
2.45903605211439
2.56799531828759
1.76240019098453
2.1323625745066
1.64858181992257
2.07328741175421
2.20920294946424
2.40168759151311
2.22582479978714
2.06586364219131
2.23688221691613
2.04320640381943
2.08096352638174
2.00358364128919
1.85085164811835
2.17115014372929
1.58635530691059
2.25468265460857
2.10454458180594
2.31208289887815
2.00090791733661
2.46364489667899
1.91209148968227
2.13353284492393
2.31955586844595
2.18112917924839
1.84726202404298
2.05640608308589
2.09582520004033
2.14593802095361
1.94571539154525
1.908833243065
2.10148052108917
2.00858895270136
2.19807038268556
2.33587450011598
2.36389138885567
2.03300406711942
2.26248041960941
1.6314820899966
2.34330319467116
2.19593824136236
2.75051664488456
1.85302425318403
2.54295200285197
2.01049889374092
1.94436878296823
1.77287553629744
2.18889234396988
2.02381795556127
1.77999932381899
2.17416899613531
2.0876699274966
1.86268355892643
2.23208649836007
2.22195540896472
1.76511381296908
2.31169487130328
1.85230239751009
2.0993326244711
2.01179221854635
2.15594217314109
1.96323061939052
2.0458973801269
1.97228144508842
2.04770285950725
2.23375842495813
2.06335580252778
2.20874332958505
2.09166304967512
2.09521132321608
2.10082477507732
2.47459528000817
2.12151172767483
1.83172051308695
2.17541184925049
1.94243763807445
2.00598947343316
1.65164762125904
2.12421127655675
2.1735198764982
1.93129933285169
1.94091739132244
2.0095993905742
1.95995690379725
2.11547558265803
1.90054154519879
2.05767649279916
2.07132374497752
2.21808722329432
2.17019950452092
2.02646644598531
2.14575901018654
1.91149310558986
2.269398895117
1.80453890440214
2.1606424393452
2.11625295847893
1.63807466834263
1.91759723785674
2.0475691605941
2.07080988280628
2.38985883980204
1.84161369926929
2.06791402530005
2.00404713104578
2.11146966568151
2.10354269144141
2.18143591581894
2.0073719495848
2.09598520645628
2.32140028839597
1.81137915431914
2.04966286820386
1.87635667530429
1.89845217850554
2.1624051034498
2.25556839420028
2.02088716007624
1.96587118815204
2.27099324238685
2.23078480738826
1.98164412038773
1.79385267869654
2.05265804818533
2.1398230398042
2.4969768956633
2.22631757229532
2.13365442689547
2.27845898125861
1.86773216096145
2.32651162110422
2.11526729814264
2.31993050924918
2.0871947102089
2.04554932078171
2.07048943285197
2.0278531268977
2.60307444692478
2.30938469517164
2.27576806715063
1.74333944479133
2.1978577890538
2.14166934425122
2.57262862183622
2.09300693876554
1.88947119950925
2.32911369543048
2.10313495326281
1.9722018844067
2.03245546972906
2.1381183771996
1.78029307985078
2.38395461268319
2.1885609639271
2.4097647841776
2.08650650009745
1.9848219210307
1.95957994401575
1.55630436868609
2.11434144119318
2.1398739474997
2.08493934286746
2.24141906441382
2.00195766050232
1.84240713734758
1.97713516310203
1.69749030070498
2.20317833841966
2.18468489617203
1.71285900794587
2.16489815222969
1.96712001041557
2.23440909380692
1.73244848104599
2.13137423506126
1.81245577372125
1.8787219087037
2.00288825779136
1.93997316219926
2.01070530119979
2.10720695880165
2.07566289633871
2.19589164390369
2.1638889212468
1.86910007245011
2.17103941681586
2.11737544069148
2.25386888589376
2.780922264984
1.85745493008723
1.95062239543072
2.21734084856912
2.2642609943418
1.73104992567801
2.32542318682729
2.08226237146666
2.03565410049328
2.23294353515237
2.14863604318209
2.36639284595695
2.16042244423109
1.92410390841488
2.09734440551723
2.2177479535632
1.92325201723358
1.96329541992266
2.21607988783474
2.07384740304675
2.03201199539098
1.94724564709352
2.07095998520054
2.05787099604654
2.07733618410947
1.99567777292363
2.0958216287935
2.2203510238087
2.28074552549851
1.76264146132958
2.28145679464675
1.5844392259663
2.24621618551854
2.16235444733191
1.92012968197551
1.96208307722816
2.36186949773287
1.93722943881134
2.16455075970842
2.157876298765
2.16842985343566
1.93583350591624
2.33710258921835
2.23373514329904
2.19046338028243
2.31057846589268
2.23859625304795
2.03097734002675
2.46241108620957
1.92686511558531
2.51082401482538
2.06986535819144
2.10182672846689
1.851761937236
1.99344074667806
1.97652307640046
2.02816496911149
2.42516692568584
2.16141414740164
2.11460653347743
2.0770474216145
1.78891374948329
2.22082393473957
2.0012841557323
2.1354330073645
1.84509721760274
2.19092987932769
1.85759706024335
1.77896529324875
1.97194794510576
2.45698567179484
2.1006604797203
1.95361682285957
2.00456596972169
2.16070464349647
1.53145895651844
2.21447018859007
2.0378812308002
2.16604385111458
1.93185988583328
1.95199765588165
1.98446840442651
2.11226354659262
1.89211783561253
2.07870666517653
1.8499917349477
2.41562259568632
1.68665095537645
2.21810348289664
1.92753138159893
1.90622374246592
1.93698735927497
2.16182869834709
2.29858530161328
2.16334053882274
2.11011723949312
2.34416515208179
2.15962226942098
2.26600234284358
1.91933058482834
2.22740055301904
1.85318935098865
2.08946095993989
1.70354589176379
2.10147972170827
2.07617856687741
2.50808472587494
2.2047281471566
2.13996376610362
1.82857564224914
2.38485588325557
2.49004921805859
2.06580814452704
2.09305824268046
2.32560399834207
2.24703615221034
1.93449438511087
2.04738676218987
1.99419753640943
2.02423759613967
2.23698092636882
2.20179339533832
2.12596739639987
1.85943300940235
2.27883839272151
1.92031304171312
1.88481276388016
2.14823383419216
2.00856782773205
1.90513118271663
2.09555307313406
2.10308109545919
1.7909263364952
1.80125240161047
2.70824741647226
2.17008254561339
2.36701923771494
2.17463641319536
2.22518180851801
1.91350396260535
1.92426340963779
2.23061739926628
2.06822139201939
2.44060137069606
2.2923548714339
2.07361685595909
2.30242841591216
1.76733971648357
2.12322104982005
1.9909362736135
1.8247951774557
2.15520118828811
1.8607390271598
2.23369591043813
2.27316348915064
2.13448291857344
2.08191313771567
1.70775523772614
2.46250370163124
2.18230694959788
2.39099250140706
2.12321401776247
2.09646990687257
2.13127888029499
1.93083559189118
2.2953812489075
1.97955032364241
1.94433802429092
2.03703657511878
2.07577739383291
1.90399150485882
1.95968649170484
2.07157225733315
1.54321775237276
1.92348372494849
2.10172611185447
2.06893425828306
2.13783611658627
2.16259855352454
1.88841162772283
2.18292486478712
2.16653881824055
2.30602615390502
1.96883922651196
2.21170644275304
2.21312545719594
1.91085908415224
1.87563053437437
2.14789537561064
2.14556955175901
2.06498706900839
2.02706215790791
2.26438205346213
2.20429475711866
2.13160684355557
1.9681918097365
2.40792941833415
2.30961458928987
1.99206218966745
1.99380124227638
2.13291135498826
1.93258683386924
2.03536188149239
2.23978367171157
1.88829466977002
2.19512407352482
2.64784325669136
2.02096989936239
2.42729865425188
1.7054844485642
1.8778279863161
2.58158127631719
1.96275636257798
2.12063719811868
2.05812951574113
2.12521891267634
2.30986807349836
2.02225334714168
2.04931447781285
1.95064960149188
2.20952525504272
2.41513210079204
1.77337716975632
2.05086629382354
1.8259886960227
2.06169494924732
1.98286642408963
2.0715499996635
1.63858059584537
2.01625305468359
2.43904472519214
2.0314303949518
2.14255262247588
1.86260317909603
1.98201741409675
2.18526792645878
1.70487250435681
2.234217513135
1.68792809711594
1.94527998074006
2.43607510906115
2.19700361021297
2.04251447055395
1.9796941064446
2.19435127330263
2.22658705247031
1.8997542448844
1.86242761767794
1.84745156652522
1.97246446509992
2.19422408054465
2.26607405928319
2.15867942968978
2.07353998733493
2.10840428474925
2.0218916442131
2.26651076897721
2.1031808921515
1.84085448160489
2.42094091114176
2.07893602462207
2.5290407983808
2.41252660803012
2.15650204414919
2.30090083628642
1.90472415936095
1.62633768555128
2.14262663682869
2.34349180922505
1.97015503306394
1.45890774969751
1.91002496404994
2.06774801653513
1.92798685993124
2.24099747047707
2.31293683324652
2.38361457629977
2.08529471421324
2.30863692710315
2.14106561003102
2.2663449023886
1.93636445880424
1.84386150447134
2.07398471622766
1.84381725211714
2.47983639358043
2.2379670812372
2.09861239748729
2.39199035274879
1.99688008397494
1.95839049721882
1.92054938973793
2.19424764765578
2.28168244890818
1.77410803051869
2.27403483409321
2.0706239864697
2.27579769036315
2.01719049263031
1.88727667205138
1.82802805064946
2.11666070959797
2.31620329701223
2.12243076963362
2.30918404964149
1.80542687381746
2.1992124522162
1.79319248608557
1.87135838329786
2.04123978874763
2.27462859697598
2.17757709534858
2.50171599743791
1.91456193275672
1.98968384771349
1.76254475931011
2.34396549840831
2.4645031726369
2.11371478953916
1.99115850721532
2.03069842629745
2.19467971999921
2.01522218679135
2.21816101268551
1.93289343166551
2.31338793571681
2.09701212489526
1.95022859343413
2.35830497704111
1.89147372980233
2.16130822632738
2.03722794668347
2.10641315111516
2.40581268321696
1.95403185731201
2.21081100482845
2.12037292483688
2.27288259041827
1.98437518084712
1.74188479283465
2.26281193291941
2.09918895540203
1.92180584213617
1.84658516999741
2.10150325446088
2.16299389180242
2.11504033090033
2.11253627487977
1.80459155840424
2.11830051634854
1.88235572055862
2.54489485641013
1.96063938902039
1.90739935319672
2.09410959628654
1.94351621240911
2.04074256966912
2.24776591589521
2.16326430002142
2.38694737310056
2.31952377476839
2.11482898328417
1.79731287033286
2.07890939261845
2.28266824726581
2.27376136517481
1.79003799226263
2.14815582249465
2.06820654981579
1.69078798614615
1.75654009460979
1.90105327256435
1.65596626848033
2.03490513971162
1.86095679685466
2.56115071882066
1.83607298676137
1.92429886220175
2.13879085377471
2.06820361414509
2.07424316580065
1.91969791974468
2.02326085302748
2.20681986766459
2.09987880345644
1.90411017314595
1.84506063536084
2.00834043089434
1.9447653962328
2.15071720866126
1.87307513334074
2.03285052097759
2.05487353878193
1.98548450086098
2.43963055797457
1.91937971046991
2.05718207964952
2.34884055532341
1.94110670751354
2.40409784001476
2.03069700522522
2.00622501205609
1.77117904673917
1.75420000939976
1.96560120511664
2.18344572854338
1.9589696769006
2.21297673753114
2.08118849806432
1.7484822726652
2.01862483256437
1.89377314616062
2.11262322359029
2.11505858826903
2.06464120677367
2.11762008102064
1.99041221366623
2.25870218820507
2.25300732852281
2.39321235890129
1.91723991778225
2.00255020349179
2.30477926325438
2.45369767794085
2.22972732899948
2.16485973228996
1.95534175482621
1.9433110983873
2.33050380356661
2.09236725410577
2.0530664063062
2.12640945428043
2.50405878917782
1.84272259371194
2.03022566099885
2.04209725384257
1.89025585856031
2.54219971687496
1.65744918324885
2.11518411048003
1.76720529389718
2.07481484107559
2.2232283379788
2.33753226282462
1.94727868773626
1.94083070847216
1.74906244234477
2.26499043710654
2.06899784834678
2.21732078895859
2.0659556852195
2.06827420811287
1.9933613960567
2.25477753424116
2.25667634880956
2.02842133157754
2.21461823156819
2.0346345525378
2.48226530128435
1.99218917122706
2.14958427586603
2.08711658286365
2.04953394384258
2.05424125417861
1.93163463560811
2.14819323936021
1.9810298728793
1.92126035635134
2.18296624120577
1.926952095885
1.95144030445029
2.23120591186565
2.06214790458454
2.05845768431543
1.94891221657036
1.89888101561388
2.20082817586607
2.30562440945432
2.16168862522673
2.19224383922805
1.99786223196946
2.09683182864771
1.83483491705303
2.03002474873315
1.98042923575421
2.19060286485688
1.75769597852378
1.84131928596566
1.93010186162344
1.9741936348604
2.32344323918851
2.13921050257972
1.84113665280377
2.19333926600814
1.92731134566214
2.25173695790271
2.22799131270243
2.00073548649006
1.85110984113222
1.63614346246932
2.04801046748292
2.00813646025677
2.16257046751991
1.87773286718433
2.14836593215295
2.0613898519156
1.56531029518619
2.17798771576732
2.28428819699211
1.88251743821103
1.79620725215529
1.84723990566263
1.86059815815329
2.16826524347894
2.42776365257983
2.10118388199518
1.94570118682371
2.07903283583774
2.32467306361711
2.05482147975699
1.90355087961916
2.12712232866272
2.23557952510184
1.88629845714485
2.19089637003726
2.08954248903318
2.3545467839049
2.66926852112985
1.94521431899929
2.22732519224063
1.94972976594695
2.0083215692012
2.4640711220255
2.17768868894728
1.95073462541297
1.95158105543003
1.84173515051578
1.70186621097459
1.91979347232619
2.07954873000011
1.93584948586745
2.42922896963437
1.90059665652453
2.48983005984111
1.97847196269577
2.07301616921596
2.07258579841405
2.09068607552228
2.14488154835994
2.0153709072443
2.20470657144987
2.04844205745318
