2.16257046751991
1.87773286718433
2.14836593215295
2.0613898519156
1.56531029518619
2.17798771576732
2.28428819699211
1.88251743821103
1.79620725215529
1.84723990566263
1.86059815815329
2.16826524347894
2.42776365257983
2.10118388199518
1.94570118682371
2.07903283583774
2.32467306361711
2.05482147975699
1.90355087961916
2.12712232866272
2.23557952510184
1.88629845714485
2.19089637003726
2.08954248903318
2.3545467839049
2.66926852112985
1.94521431899929
2.22732519224063
1.94972976594695
2.0083215692012
2.4640711220255
2.17768868894728
1.95073462541297
1.95158105543003
1.84173515051578
1.70186621097459
1.91979347232619
2.07954873000011
1.93584948586745
2.42922896963437
1.90059665652453
2.48983005984111
1.97847196269577
2.07301616921596
2.07258579841405
2.09068607552228
2.14488154835994
2.0153709072443
2.20470657144987
2.04844205745318
