idd,sex,w_truncation,w_conservation,w_uncertainty,ebv
11001,M,0.0,8.310094996559017e-22,0.0,1.87674815328931
11002,F,0.001,0.001,0.001,1.89320474499582
11003,M,0.0,0.0,0.0,1.87121289965713
11004,F,0.001,0.001,0.001,1.64244109119656
11005,M,0.0,0.001756987178465359,0.0,1.8010405871417
11006,F,0.001,0.001,0.001,2.00363151891472
11007,M,0.0,0.0019083509411486487,0.0,1.94585367949921
11008,F,0.001,0.001,0.001,1.74109062468543
11009,M,0.0,0.0016670418160349785,0.0028596090719666275,1.62684866923027
11010,F,0.001,0.001,0.001,1.53153999128405
11011,M,0.0,0.0034755989756203357,0.0,2.06615598256046
11012,F,0.001,0.001,0.001,1.7554001736814
11013,M,0.0,0.002717681286287569,0.0,1.8990100326972
11014,F,0.001,0.001,0.001,2.18640917887052
11015,M,0.0,0.0,0.0,2.00436369718937
11016,F,0.001,0.001,0.001,2.18624773030978
11017,M,0.0,0.0,0.0,1.98134378856177
11018,F,0.001,0.001,0.001,1.83639580972954
11019,M,0.0,0.00015371109779456198,0.0,1.96031034282324
11020,F,0.001,0.001,0.001,1.86480738610144
11021,M,0.0,0.0,0.0,2.12054500842291
11022,F,0.001,0.001,0.001,1.51246783842754
11023,M,0.0,0.0,0.0,1.95497917133459
11024,F,0.001,0.001,0.001,2.21296999609585
11025,M,0.0,0.0,0.0,1.74206776021836
11026,F,0.001,0.001,0.001,1.64147628667879
11027,M,0.0,0.0,0.0,2.06024797400827
11028,F,0.001,0.001,0.001,1.76902886240984
11029,M,0.0,0.0,0.0,1.93608124995901
11030,F,0.001,0.001,0.001,1.92497353028016
11031,M,0.0,0.0018479168125589305,0.0,1.56786469375561
11032,F,0.001,0.001,0.001,1.71575369695424
11033,M,0.0,5.9884679854744966e-06,0.0,1.82558423031419
11034,F,0.001,0.001,0.001,1.32445830180967
11035,M,0.0,0.0,0.0,2.0085153611718
11036,F,0.001,0.001,0.001,1.82927338887014
11037,M,0.0,0.0020692850176438652,0.0,1.76243374385072
11038,F,0.001,0.001,0.001,2.03769912301146
11039,M,0.0,0.0011981813798533339,0.0,1.91956896407353
11040,F,0.001,0.001,0.001,2.12733315680946
11041,M,0.0,0.0003161138441029174,0.0,1.78117646741269
11042,F,0.001,0.001,0.001,1.93414687714678
11043,M,0.0,0.0,0.0,1.95062835843451
11044,F,0.001,0.001,0.001,1.84134569194666
11045,M,0.0,0.0,0.0,2.07837684748896
11046,F,0.001,0.001,0.001,1.98897277134212
11047,M,0.0,0.0,0.00278746100052256,1.98122254732172
11048,F,0.001,0.001,0.001,1.73669900746143
11049,M,0.0,0.002509769616317185,0.0,1.71100938041514
11050,F,0.001,0.001,0.001,2.25884868583116
11051,M,0.0,0.0,0.001222379158561016,1.7313471056
11052,F,0.001,0.001,0.001,1.71067821214648
11053,M,0.0,0.0,0.0,1.58887789565275
11054,F,0.001,0.001,0.001,1.97515903212235
11055,M,0.0,0.0,0.0,2.0134810980357
11056,F,0.001,0.001,0.001,1.3655602058429
11057,M,0.0,0.007091522146358667,0.0,1.69578373944925
11058,F,0.001,0.001,0.001,1.28343341525195
11059,M,0.0,0.0,0.0,2.01931233838239
11060,F,0.001,0.001,0.001,1.67074925436093
11061,M,0.0,0.0,0.0,2.00035428958741
11062,F,0.001,0.001,0.001,1.46381816113095
11063,M,0.0,0.006360541516893813,0.0,2.13729025456933
11064,F,0.001,0.001,0.001,1.68673163662933
11065,M,0.0,0.00046987923152735803,0.015187116718685507,2.02517543179271
11066,F,0.001,0.001,0.001,1.78811460385012
11067,M,0.0,0.001962686439623609,0.012833624444416655,1.93386243929086
11068,F,0.001,0.001,0.001,1.79409342304685
11069,M,0.0,0.0,0.0,1.99012802890294
11070,F,0.001,0.001,0.001,1.66795286838744
11071,M,0.0,0.0,0.0,1.74865639699911
11072,F,0.001,0.001,0.001,1.71439039959535
11073,M,0.0,0.005031173417182206,0.0,1.6687225821762
11074,F,0.001,0.001,0.001,2.05287087920736
11075,M,0.0,0.0,0.0,2.01878653234152
11076,F,0.001,0.001,0.001,1.78045841072129
11077,M,0.0,0.0030172686882724477,0.0,1.38704439798821
11078,F,0.001,0.001,0.001,1.94429239080548
11079,M,0.0,0.0,0.0,1.81335224969352
11080,F,0.001,0.001,0.001,1.65304382810357
11081,M,0.0,0.000342386507988007,0.0018731453117769592,1.58628685822345
11082,F,0.001,0.001,0.001,1.77397381254833
11083,M,0.0,0.0,0.0,1.90685909569916
11084,F,0.001,0.001,0.001,1.9349369533744
11085,M,0.0,0.0030159723275153,0.0,1.92692801652134
11086,F,0.001,0.001,0.001,1.65772420347348
11087,M,0.0,0.0,0.0,1.9792262533502
11088,F,0.001,0.001,0.001,1.94221714781986
11089,M,0.0,0.0,0.0035841074927319668,1.91307296563247
11090,F,0.001,0.001,0.001,1.69490813889075
11091,M,0.0,0.001253320755698159,0.0,1.8676897804051
11092,F,0.001,0.001,0.001,1.71583216185351
11093,M,0.0,0.0012404379773806537,0.0,2.15429383396451
11094,F,0.001,0.001,0.001,2.06705979456425
11095,M,0.0,0.0,0.0,1.94853865946226
11096,F,0.001,0.001,0.001,2.01023566399797
11097,M,0.0,0.0,0.0,1.72897234010593
11098,F,0.001,0.001,0.001,2.00271960569611
11099,M,0.0,0.006548795194311959,0.0,2.04805333086243
11100,F,0.001,0.001,0.001,1.80886712682927
11101,M,0.0,0.0,0.0,1.87136770075578
11102,F,0.001,0.001,0.001,1.91522250421563
11103,M,0.0,0.0,0.0,1.66456368365625
11104,F,0.001,0.001,0.001,1.45378623194244
11105,M,0.0,0.0,0.0,2.04439851886046
11106,F,0.001,0.001,0.001,1.87499111951207
11107,M,0.0,0.0,0.00597171057143545,2.05357903621355
11108,F,0.001,0.001,0.001,1.94655082290331
11109,M,0.0,0.00036645631989085667,0.005809966086413257,1.81576367608758
11110,F,0.001,0.001,0.001,1.77264182567498
11111,M,0.0,0.00046485899943517423,0.0,1.44895653491506
11112,F,0.001,0.001,0.001,1.86710970127746
11113,M,0.0,0.0049961606263357805,0.0,1.66295022785229
11114,F,0.001,0.001,0.001,1.69972856431296
11115,M,0.0,0.0,0.0,1.41625142994436
11116,F,0.001,0.001,0.001,1.8198351760468
11117,M,0.0,0.0005628254436168394,0.007198469275948234,2.02525026670419
11118,F,0.001,0.001,0.001,1.95753690957063
11119,M,0.0,0.0,0.0007928421333960242,1.69654868188821
11120,F,0.001,0.001,0.001,1.74811396388193
11121,M,0.0,0.0,0.0,1.91339546520991
11122,F,0.001,0.001,0.001,1.7910723758219
11123,M,0.0,0.0,0.0,1.7157103853071
11124,F,0.001,0.001,0.001,1.76462867275548
11125,M,0.0,0.0,0.0,2.0818812442665
11126,F,0.001,0.001,0.001,1.80201018685532
11127,M,0.0,0.001057989376772217,0.0,1.36925782160686
11128,F,0.001,0.001,0.001,1.87759854213942
11129,M,0.0,0.0027921589601771373,0.005733110931745965,1.73188924240922
11130,F,0.001,0.001,0.001,1.25514778572651
11131,M,0.0,0.0,0.0,2.04767218608262
11132,F,0.001,0.001,0.001,1.35784030987776
11133,M,0.0,0.0001269385259398629,0.0,1.68241617521596
11134,F,0.001,0.001,0.001,1.99791289643052
11135,M,0.0,0.0012014618157514464,0.0,1.81745632647632
11136,F,0.001,0.001,0.001,1.95874184182545
11137,M,0.0,0.0015141424251245185,0.0,2.01884331719689
11138,F,0.001,0.001,0.001,1.82137154058295
11139,M,0.0,0.0029828010292568797,0.0,1.62911497567604
11140,F,0.001,0.001,0.001,1.87464078004457
11141,M,0.0,0.0,0.0044318850865446985,2.2862428237293
11142,F,0.001,0.001,0.001,1.98220029502138
11143,M,0.0,0.0029111405592764684,0.0,1.77416223554653
11144,F,0.001,0.001,0.001,1.62352070481054
11145,M,0.0,0.0030335013645811063,0.0,1.59494263752291
11146,F,0.001,0.001,0.001,2.29451648378132
11147,M,0.0,0.0034030333392092954,0.0,1.89399443826373
11148,F,0.001,0.001,0.001,1.75689231256009
11149,M,0.0,0.009968675521062837,0.0,1.67109612257012
11150,F,0.001,0.001,0.001,1.67710269959956
11151,M,0.0,0.005512283065615744,0.0,1.69545646269785
11152,F,0.001,0.001,0.001,1.77381243473906
11153,M,0.0,0.0,0.0,1.67424197179373
11154,F,0.001,0.001,0.001,1.61340773822405
11155,M,0.0,0.0,0.00972003709304445,1.88955710670079
11156,F,0.001,0.001,0.001,1.76960265316771
11157,M,0.0,0.0010317921239026825,0.0,1.6823739345481
11158,F,0.001,0.001,0.001,2.12984317616745
11159,M,0.0,0.0,0.0,1.97044298092426
11160,F,0.001,0.001,0.001,2.3062419782456
11161,M,0.0,0.0026922097306767367,0.0,1.90646426412282
11162,F,0.001,0.001,0.001,1.74306137992896
11163,M,0.0,0.0,0.0,1.98896381877448
11164,F,0.001,0.001,0.001,1.80746251126133
11165,M,0.0,0.001146573982296824,0.0,2.33986303280983
11166,F,0.001,0.001,0.001,2.07120512450891
11167,M,0.0,0.0014954274882826594,0.001732847636835887,1.74725784708887
11168,F,0.001,0.001,0.001,1.47530316189758
11169,M,0.0,0.0,0.0,1.33150022892786
11170,F,0.001,0.001,0.001,1.93007084269107
11171,M,0.0,0.0,0.0,2.18278925824951
11172,F,0.001,0.001,0.001,1.69066055498551
11173,M,0.0,0.0,0.0,1.86202950563367
11174,F,0.001,0.001,0.001,1.39704426096012
11175,M,0.0,0.0,0.0024035420961468807,1.97538581617734
11176,F,0.001,0.001,0.001,1.90059049203038
11177,M,0.0,0.0,0.0,1.76442875876067
11178,F,0.001,0.001,0.001,1.89833847929983
11179,M,0.0,0.0010547056962188434,0.0,1.77270917082999
11180,F,0.001,0.001,0.001,2.10669866473241
11181,M,0.0,0.0,0.0,1.93459788928429
11182,F,0.001,0.001,0.001,1.7153066536724
11183,M,0.0,0.0007358133160602001,0.0,1.86981561059347
11184,F,0.001,0.001,0.001,1.89244332799213
11185,M,0.0,0.0059419530683295215,0.0,1.69748818776942
11186,F,0.001,0.001,0.001,1.68763383090149
11187,M,0.0,0.0,0.0009080879921164989,1.77470493871312
11188,F,0.001,0.001,0.001,2.02739105777953
11189,M,0.0,0.000671394751038296,0.0,2.13923246505116
11190,F,0.001,0.001,0.001,2.18628206006897
11191,M,0.0,0.0,0.0,1.96547332815738
11192,F,0.001,0.001,0.001,1.89857036761542
11193,M,0.0,0.0,0.0,1.92433906478291
11194,F,0.001,0.001,0.001,2.2390339562443
11195,M,0.0,0.0,0.0,1.78295394054193
11196,F,0.001,0.001,0.001,1.79931161049926
11197,M,0.0,0.0002280754367793447,0.0,1.67542443458407
11198,F,0.001,0.001,0.001,1.62133850732839
11199,M,0.0,0.00045540137099632136,0.0,1.8551576263158
11200,F,0.001,0.001,0.001,1.50326738218083
11201,M,0.0,0.0,0.0,1.66385549387507
11202,F,0.001,0.001,0.001,1.23414539533814
11203,M,0.0,0.0,0.0,1.83784105895398
11204,F,0.001,0.001,0.001,1.85323593520435
11205,M,0.0,0.0,0.0016572888750851116,1.99641143640621
11206,F,0.001,0.001,0.001,1.82419029301006
11207,M,0.0,0.0,0.0,2.24755350918101
11208,F,0.001,0.001,0.001,1.98521121981663
11209,M,0.0,0.00043907544369226173,0.0,1.96564176795611
11210,F,0.001,0.001,0.001,1.7346732284016
11211,M,0.0,0.0,0.0,1.92535544907199
11212,F,0.001,0.001,0.001,1.63867037372207
11213,M,0.0,0.0,0.0,1.89465395424714
11214,F,0.001,0.001,0.001,2.19439313528131
11215,M,0.0,0.0,0.0,1.81540833797004
11216,F,0.001,0.001,0.001,1.92964001674314
11217,M,0.0,0.0,0.0,1.7793316836856
11218,F,0.001,0.001,0.001,2.01692740135985
11219,M,0.0,0.0,0.0,2.01848780149121
11220,F,0.001,0.001,0.001,1.82365552843382
11221,M,0.0,0.004228167478600335,0.0,1.65056909660409
11222,F,0.001,0.001,0.001,1.93577173342293
11223,M,0.0,0.0,0.0,1.8303417789788
11224,F,0.001,0.001,0.001,1.81704025202642
11225,M,0.0,0.0025277990043575485,0.0,1.76412307782681
11226,F,0.001,0.001,0.001,1.65686545126561
11227,M,0.0,0.0,0.0,2.04602678680395
11228,F,0.001,0.001,0.001,1.98839620566352
11229,M,0.0,0.002011508640993565,0.009939585819136357,1.94138142170897
11230,F,0.001,0.001,0.001,1.81260915265635
11231,M,0.0,0.0,0.0,2.00177245284118
11232,F,0.001,0.001,0.001,2.1394741543966
11233,M,0.0,0.0,0.0,2.14343638413151
11234,F,0.001,0.001,0.001,1.68859938273349
11235,M,0.0,0.0,0.0,2.15156406994528
11236,F,0.001,0.001,0.001,1.41489047595568
11237,M,0.0,0.0,0.0016830856305869878,1.85794248304427
11238,F,0.001,0.001,0.001,2.10551396278666
11239,M,0.0,0.0,0.0,1.85572885611775
11240,F,0.001,0.001,0.001,2.01566189349697
11241,M,0.0,0.0,0.0,1.974316636861
11242,F,0.001,0.001,0.001,1.89860805269368
11243,M,0.0,0.0,0.0,1.94248805351573
11244,F,0.001,0.001,0.001,1.69511483727834
11245,M,0.0,0.0,0.0,2.05036841861165
11246,F,0.001,0.001,0.001,1.83048553347544
11247,M,0.0,0.003242426546492472,0.0036990843450556156,1.92254757222949
11248,F,0.001,0.001,0.001,1.51953353523825
11249,M,0.0,0.0,0.0,1.66381157500999
11250,F,0.001,0.001,0.001,1.55698606764678
11251,M,0.0,0.0,0.0,1.71743218758043
11252,F,0.001,0.001,0.001,1.73088030444107
11253,M,0.0,0.0,0.0,2.01852445264114
11254,F,0.001,0.001,0.001,1.63886452661558
11255,M,0.0,0.0,0.0,2.24395077722327
11256,F,0.001,0.001,0.001,2.0964785325448
11257,M,0.0,0.0,0.0,1.88018421139146
11258,F,0.001,0.001,0.001,1.80574688764217
11259,M,0.0,0.0,0.0,2.15877549783123
11260,F,0.001,0.001,0.001,1.66669662148739
11261,M,0.0,0.0,0.004443649460936975,1.96742610786088
11262,F,0.001,0.001,0.001,2.04071644758105
11263,M,0.0,0.0,0.0,1.98273579117505
11264,F,0.001,0.001,0.001,1.74759279557286
11265,M,0.0,0.0,0.0,1.95634528082515
11266,F,0.001,0.001,0.001,2.02164611810927
11267,M,0.0,0.0,0.0,2.10563797129317
11268,F,0.001,0.001,0.001,1.64090758064241
11269,M,0.0,0.003825539755179686,0.011981587872254547,1.83014824707798
11270,F,0.001,0.001,0.001,1.88825998954317
11271,M,0.0,0.0,0.0,1.48789386897491
11272,F,0.001,0.001,0.001,1.23106008821388
11273,M,0.0,0.00505418369844779,0.00640060991044479,1.87133524543662
11274,F,0.001,0.001,0.001,1.38862463802086
11275,M,0.0,0.003543313817317818,0.0,1.73452655452893
11276,F,0.001,0.001,0.001,2.1596458810071
11277,M,0.0,0.0,0.0,2.00303673027713
11278,F,0.001,0.001,0.001,1.91738133923966
11279,M,0.0,0.0,0.0,1.96800273535689
11280,F,0.001,0.001,0.001,2.07947091052707
11281,M,0.0,0.0,0.0,1.70436696712618
11282,F,0.001,0.001,0.001,1.65653156591732
11283,M,0.0,0.006497300360173115,0.0,1.81031163865845
11284,F,0.001,0.001,0.001,1.39393540082499
11285,M,0.0,0.00021310965506895132,0.0,1.64445356102069
11286,F,0.001,0.001,0.001,2.14911690778582
11287,M,0.0,0.0,0.0,1.90473316200497
11288,F,0.001,0.001,0.001,1.37591376369336
11289,M,0.0,0.0,0.005329813088936624,1.84743130345074
11290,F,0.001,0.001,0.001,2.04441814638211
11291,M,0.0,0.0,0.0,1.85183620774558
11292,F,0.001,0.001,0.001,1.63294951828216
11293,M,0.0,0.0,0.0,1.86380332569625
11294,F,0.001,0.001,0.001,1.70400380909075
11295,M,0.0,0.0,0.0,1.82619190076429
11296,F,0.001,0.001,0.001,1.51469764867734
11297,M,0.0,0.0,0.005767459832175705,1.8477581744551
11298,F,0.001,0.001,0.001,1.66560372014447
11299,M,0.0,0.0,0.0,1.65958109492995
11300,F,0.001,0.001,0.001,1.98458456415697
11301,M,0.0,0.004147874340082123,0.00944319129416696,1.91867280976748
11302,F,0.001,0.001,0.001,1.68842071336216
11303,M,0.0,0.0,0.0,1.88010935436929
11304,F,0.001,0.001,0.001,2.15228561380337
11305,M,0.0,0.0031667397664175653,0.0,2.01939677585558
11306,F,0.001,0.001,0.001,2.15279718108484
11307,M,0.0,0.0,0.005570685153488441,1.87620151656844
11308,F,0.001,0.001,0.001,1.85179817123852
11309,M,0.0,0.0,0.0,2.12906478524962
11310,F,0.001,0.001,0.001,2.07039876831639
11311,M,0.0,0.0,0.0,1.72369922283484
11312,F,0.001,0.001,0.001,1.71269335832937
11313,M,0.0,0.006322539171231635,0.0,1.78852452596212
11314,F,0.001,0.001,0.001,1.82600415198052
11315,M,0.0,0.0022262134324918413,0.007645015808225225,1.57821785347063
11316,F,0.001,0.001,0.001,1.49468716617988
11317,M,0.0,0.00036619209815703626,0.0,1.8013561820376
11318,F,0.001,0.001,0.001,1.82060206647516
11319,M,0.0,6.751136951212618e-05,0.0,2.05085061370153
11320,F,0.001,0.001,0.001,1.76312419181631
11321,M,0.0,0.0,0.0,1.82619811538802
11322,F,0.001,0.001,0.001,1.76254906854057
11323,M,0.0,0.0014225885985935198,0.0,1.44379310354834
11324,F,0.001,0.001,0.001,1.67853015173824
11325,M,0.0,0.0,0.0,1.73874115443396
11326,F,0.001,0.001,0.001,1.73611068207421
11327,M,0.0,0.0,0.009556373632326339,2.04681202824361
11328,F,0.001,0.001,0.001,1.87376667767045
11329,M,0.0,0.0,0.0,2.08763015484356
11330,F,0.001,0.001,0.001,1.94562524549582
11331,M,0.0,0.005101105196184308,0.0,2.06539536114263
11332,F,0.001,0.001,0.001,1.7090606396681
11333,M,0.0,0.0003896632915930327,0.0,2.08985402557806
11334,F,0.001,0.001,0.001,2.01129495092562
11335,M,0.0,0.0005452335667193985,0.0,1.89008999159182
11336,F,0.001,0.001,0.001,1.79891158332221
11337,M,0.0,3.2378003164084386e-05,0.0,1.4755157624815
11338,F,0.001,0.001,0.001,1.7793981757291
11339,M,0.0,0.0,0.0,1.8335972733606
11340,F,0.001,0.001,0.001,2.01209263035484
11341,M,0.0,0.0,0.0,1.74513368895504
11342,F,0.001,0.001,0.001,1.763242821863
11343,M,0.0,0.005727646158870596,0.0,1.68421238052552
11344,F,0.001,0.001,0.001,1.44902483200129
11345,M,0.0,0.0,0.0,1.85361089713846
11346,F,0.001,0.001,0.001,1.65211437140695
11347,M,0.0,0.0,0.013570275238706417,1.95990602899858
11348,F,0.001,0.001,0.001,1.88259250032181
11349,M,0.0,0.0,0.0,1.87944309701029
11350,F,0.001,0.001,0.001,2.07649888376982
11351,M,0.0,0.0,0.0,1.90547490749206
11352,F,0.001,0.001,0.001,1.86369488738936
11353,M,0.0,0.0,0.0,1.88496063987959
11354,F,0.001,0.001,0.001,1.53860618695424
11355,M,0.0,0.0,0.0,1.9930338284375
11356,F,0.001,0.001,0.001,1.89797405527777
11357,M,0.0,0.0,0.0,1.9491883723807
11358,F,0.001,0.001,0.001,1.92019359073526
11359,M,0.0,0.0,0.007624939109054042,2.05539135174565
11360,F,0.001,0.001,0.001,1.88657188063488
11361,M,0.0,0.0,0.0,1.48581868683918
11362,F,0.001,0.001,0.001,2.08647158816826
11363,M,0.0,0.0008665139228377614,0.002290309506055431,1.9815503168331
11364,F,0.001,0.001,0.001,2.03858091833757
11365,M,0.0,0.0,0.0,1.44914390082789
11366,F,0.001,0.001,0.001,1.99027589724208
11367,M,0.0,0.005203366729667597,0.0,1.93741381110642
11368,F,0.001,0.001,0.001,1.59663161352522
11369,M,0.0,0.0,0.0,1.70219099262079
11370,F,0.001,0.001,0.001,1.81507484776823
11371,M,0.0,0.0,0.0,1.56237288850298
11372,F,0.001,0.001,0.001,1.6953889861824
11373,M,0.0,0.00133498620115753,0.0,1.80033501853021
11374,F,0.001,0.001,0.001,1.89163310747217
11375,M,0.0,0.0,0.0,1.41158200471605
11376,F,0.001,0.001,0.001,1.80058410029518
11377,M,0.0,0.0,0.0,2.09165461843961
11378,F,0.001,0.001,0.001,1.94470466305038
11379,M,0.0,0.003943222496649003,0.005775300455324918,1.94357503496532
11380,F,0.001,0.001,0.001,1.83338233810716
11381,M,0.0,0.0,0.0,2.16085530535005
11382,F,0.001,0.001,0.001,1.83695820575519
11383,M,0.0,0.0,0.0,1.65785174906777
11384,F,0.001,0.001,0.001,1.83417215418142
11385,M,0.0,0.0,0.0009498998975579531,1.48065137651613
11386,F,0.001,0.001,0.001,1.8972902569415
11387,M,0.0,0.0004630925974943211,0.0,1.8088433856443
11388,F,0.001,0.001,0.001,1.78765767687067
11389,M,0.0,0.004182486278248986,0.0,1.50681309592252
11390,F,0.001,0.001,0.001,1.5015022756657
11391,M,0.0,0.0,0.0,1.83416394805533
11392,F,0.001,0.001,0.001,1.83320466466847
11393,M,0.0,0.0006548760888368431,0.0,1.56288814063764
11394,F,0.001,0.001,0.001,1.29703525052305
11395,M,0.0,0.0,0.0,1.55387778208766
11396,F,0.001,0.001,0.001,1.82332302334828
11397,M,0.0,0.005053606652090206,0.0,1.79882911796128
11398,F,0.001,0.001,0.001,1.75886719606136
11399,M,0.0,0.0006789152703436594,0.0,1.98809250014449
11400,F,0.001,0.001,0.001,2.13905508675397
11401,M,0.0,0.0,0.0,1.58804590215256
11402,F,0.001,0.001,0.001,1.80119381339337
11403,M,0.0,0.0,0.00465855669567924,1.82817027299641
11404,F,0.001,0.001,0.001,1.86994407319386
11405,M,0.0,0.0,0.0,2.1625880141234
11406,F,0.001,0.001,0.001,2.17048635511961
11407,M,0.0,0.0,0.0,1.64035065018278
11408,F,0.001,0.001,0.001,1.69138435510916
11409,M,0.0,0.004027767654236338,0.0,1.65757521127471
11410,F,0.001,0.001,0.001,1.98225626808045
11411,M,0.0,0.0,0.0,1.95352435377723
11412,F,0.001,0.001,0.001,1.84424102971529
11413,M,0.0,0.0,0.0,1.97843657382602
11414,F,0.001,0.001,0.001,1.96610534782698
11415,M,0.0,0.0,0.0,1.71012120342145
11416,F,0.001,0.001,0.001,1.59065128299072
11417,M,0.0,0.0,0.0,2.0705319506396
11418,F,0.001,0.001,0.001,1.97125556534005
11419,M,0.0,0.00526576413497181,0.0,1.30133420270178
11420,F,0.001,0.001,0.001,1.75592617741446
11421,M,0.0,0.0,0.004234155374622413,2.03433055552709
11422,F,0.001,0.001,0.001,1.72606928958735
11423,M,0.0,0.0,0.0,1.95427422026429
11424,F,0.001,0.001,0.001,1.99205348205098
11425,M,0.0,0.0,0.0,2.10535971177694
11426,F,0.001,0.001,0.001,1.75158031545689
11427,M,0.0,0.00445527231794406,0.0,1.92622351066283
11428,F,0.001,0.001,0.001,2.00705134655475
11429,M,0.0,0.0,0.0,1.75902010610415
11430,F,0.001,0.001,0.001,2.2177008344572
11431,M,0.0,0.004245862970091192,0.0,1.58422524856345
11432,F,0.001,0.001,0.001,1.85820711701862
11433,M,0.0,0.0,0.0010522558633293657,1.73235878200896
11434,F,0.001,0.001,0.001,1.9961163277274
11435,M,0.0,0.0003499942607605601,0.0,1.82315580621872
11436,F,0.001,0.001,0.001,1.64125649351071
11437,M,0.0,0.0,0.010461798281919836,1.82242375593284
11438,F,0.001,0.001,0.001,1.22184075665004
11439,M,0.0,0.0,0.0,1.82068322432479
11440,F,0.001,0.001,0.001,1.68234137238826
11441,M,0.0,0.0008891484104178602,0.0,1.61650005514544
11442,F,0.001,0.001,0.001,1.77284539250401
11443,M,0.0,0.0,0.015246840254073123,1.42678756681442
11444,F,0.001,0.001,0.001,1.81656765969334
11445,M,0.0,0.0,0.0,1.92959087480295
11446,F,0.001,0.001,0.001,1.5224084215421
11447,M,0.0,0.006622106544991372,0.011575632218324956,1.76750227099522
11448,F,0.001,0.001,0.001,2.16107626515177
11449,M,0.0,0.00017595536271931684,0.017237735684302334,2.09218182390296
11450,F,0.001,0.001,0.001,1.98656128314481
11451,M,0.0,0.0,0.0,1.88263654888077
11452,F,0.001,0.001,0.001,2.00871225089986
11453,M,0.0,0.0,0.003845288750994924,2.20261369498173
11454,F,0.001,0.001,0.001,2.20744521827914
11455,M,0.0,0.0,0.0,2.02704134531962
11456,F,0.001,0.001,0.001,1.98580678547511
11457,M,0.0,0.001964114875909687,0.0,1.70071468834795
11458,F,0.001,0.001,0.001,2.16378401896106
11459,M,0.0,0.0025254518917965456,0.0,1.69188617010082
11460,F,0.001,0.001,0.001,1.76847370428004
11461,M,0.0,0.0,0.0,1.80080126002371
11462,F,0.001,0.001,0.001,1.75869238386924
11463,M,0.0,0.0,0.003995863346436358,2.2060507823523
11464,F,0.001,0.001,0.001,1.53906387494669
11465,M,0.0,0.0,0.0,1.61854489668484
11466,F,0.001,0.001,0.001,1.52071522322081
11467,M,0.0,0.0032669224821660907,0.0,1.59048746915625
11468,F,0.001,0.001,0.001,1.48892496590894
11469,M,0.0,0.0026292209201764566,0.0,1.6827423513854
11470,F,0.001,0.001,0.001,1.77498680534838
11471,M,0.0,0.0023864956622189127,0.0,1.47952653908116
11472,F,0.001,0.001,0.001,2.12870850623974
11473,M,0.0,0.001298574034156075,0.0,1.83885188255702
11474,F,0.001,0.001,0.001,1.86239373742939
11475,M,0.0,0.005564600982758563,0.0,1.77939598484
11476,F,0.001,0.001,0.001,2.0948818142412
11477,M,0.0,0.005033000085003081,0.0,1.93553444823503
11478,F,0.001,0.001,0.001,1.98212090405957
11479,M,0.0,0.002157041575815882,0.0,1.71997286924165
11480,F,0.001,0.001,0.001,1.77976907865754
11481,M,0.0,0.0,0.0,1.73109949237632
11482,F,0.001,0.001,0.001,2.08117283999583
11483,M,0.0,0.0,0.0,2.18962614980986
11484,F,0.001,0.001,0.001,2.17301635455955
11485,M,0.0,0.0,0.0067185004920395615,1.78849745695618
11486,F,0.001,0.001,0.001,1.73612144689179
11487,M,0.0,0.0,0.0,2.09221782089847
11488,F,0.001,0.001,0.001,1.67727585942734
11489,M,0.0,0.0,0.0,1.9506334618386
11490,F,0.001,0.001,0.001,1.64170638862764
11491,M,0.0,3.3178056866072825e-05,0.0,1.55951573898229
11492,F,0.001,0.001,0.001,1.9533773843999
11493,M,0.0,0.0,0.004671718150887624,2.02472396246619
11494,F,0.001,0.001,0.001,1.79872389514915
11495,M,0.0,0.0,0.005752649030809585,1.86014072122844
11496,F,0.001,0.001,0.001,1.79887949320881
11497,M,0.0,0.0034545639050078156,0.0,2.0088865579801
11498,F,0.001,0.001,0.001,1.8934976323295
11499,M,0.0,0.0,0.0,1.66947511066369
11500,F,0.001,0.001,0.001,1.6867970334785
11501,M,0.0,2.850765059254097e-05,0.0,2.11387140965194
11502,F,0.001,0.001,0.001,1.71361776843561
11503,M,0.0,0.0,0.0,1.98813729068005
11504,F,0.001,0.001,0.001,1.74769886004924
11505,M,0.0,0.0003280222680107328,0.0,1.51905284847093
11506,F,0.001,0.001,0.001,2.02229813583237
11507,M,0.0,0.004962568750134853,0.01231304862304099,1.65605523698022
11508,F,0.001,0.001,0.001,1.86721357448105
11509,M,0.0,0.0004929077034028455,0.0,1.88763806244209
11510,F,0.001,0.001,0.001,1.59183921063405
11511,M,0.0,0.003323969543815717,0.0,1.63631015077871
11512,F,0.001,0.001,0.001,1.85698811526142
11513,M,0.0,0.0,0.0036200724807794182,1.92121801367944
11514,F,0.001,0.001,0.001,2.01388030529079
11515,M,0.0,0.0,0.0,1.49043281968736
11516,F,0.001,0.001,0.001,1.74789651043244
11517,M,0.0,0.0,0.013880377721454815,1.78952385880284
11518,F,0.001,0.001,0.001,1.97458111926465
11519,M,0.0,0.004410497810843638,0.0,1.64086724658003
11520,F,0.001,0.001,0.001,1.85949033672864
11521,M,0.0,0.0026343427667263166,0.0,1.81337651719173
11522,F,0.001,0.001,0.001,1.727829085982
11523,M,0.0,0.0,0.0008465162701579399,1.9781011968096
11524,F,0.001,0.001,0.001,1.96895117785355
11525,M,0.0,0.0015156743299418816,0.0,1.76273738625771
11526,F,0.001,0.001,0.001,1.81756159772634
11527,M,0.0,0.0,0.0,1.68892248706058
11528,F,0.001,0.001,0.001,1.95854301571773
11529,M,0.0,0.0,0.0,1.85607573780738
11530,F,0.001,0.001,0.001,1.77043893319037
11531,M,0.0,0.0,0.0,1.82228054615968
11532,F,0.001,0.001,0.001,1.95330386550012
11533,M,0.0,0.0,0.0,1.76128028036005
11534,F,0.001,0.001,0.001,1.6544185627589
11535,M,0.0,4.3346211735186304e-05,0.0,2.12915668028305
11536,F,0.001,0.001,0.001,1.55408444227342
11537,M,0.0,0.0,0.0,1.96480996369402
11538,F,0.001,0.001,0.001,1.86435903152639
11539,M,0.0,0.0021221410332819177,0.0,1.38569138548902
11540,F,0.001,0.001,0.001,1.6381285180514
11541,M,0.0,0.0,0.0,2.00666358274811
11542,F,0.001,0.001,0.001,1.93309531480161
11543,M,0.0,0.0,0.0,1.89186626215756
11544,F,0.001,0.001,0.001,1.80844643793048
11545,M,0.0,0.0,0.0,2.12389754994177
11546,F,0.001,0.001,0.001,1.91676065325767
11547,M,0.0,0.0,0.0,1.95385204177237
11548,F,0.001,0.001,0.001,1.70390244463027
11549,M,0.0,0.0,0.0,1.86244190133748
11550,F,0.001,0.001,0.001,1.91180725150961
11551,M,0.0,0.004710439603215282,0.0,2.02406836589958
11552,F,0.001,0.001,0.001,1.8741968759866
11553,M,0.0,0.0036066281227954537,0.0,1.84756407531784
11554,F,0.001,0.001,0.001,2.31423154879771
11555,M,0.0,0.0040913789039954285,0.0,2.12102254152892
11556,F,0.001,0.001,0.001,1.86840212254122
11557,M,0.0,0.0,0.0,1.79903700760655
11558,F,0.001,0.001,0.001,1.57159222843473
11559,M,0.0,0.005737183252155389,0.0,1.56838872689232
11560,F,0.001,0.001,0.001,1.69125045254922
11561,M,0.0,0.0033998115715410523,0.0,1.56435945762561
11562,F,0.001,0.001,0.001,2.04285360769983
11563,M,0.0,0.0,0.0,1.49603654281458
11564,F,0.001,0.001,0.001,1.90232115350396
11565,M,0.0,0.0007313934507726729,0.0,1.64543436920184
11566,F,0.001,0.001,0.001,2.11623737195508
11567,M,0.0,0.0,0.0,1.9036860688488
11568,F,0.001,0.001,0.001,1.81780138954294
11569,M,0.0,0.0,0.0,1.92118335541987
11570,F,0.001,0.001,0.001,1.87556977726755
11571,M,0.0,0.0,0.0,1.94825482891559
11572,F,0.001,0.001,0.001,1.79828150502028
11573,M,0.0,0.0,0.0,1.69404525935682
11574,F,0.001,0.001,0.001,2.27313535046852
11575,M,0.0,0.0,0.0,2.04484653041183
11576,F,0.001,0.001,0.001,1.89184796029113
11577,M,0.0,0.0,0.010921361551709622,1.72395255620067
11578,F,0.001,0.001,0.001,2.18260359609094
11579,M,0.0,0.0025237186634086695,0.0,1.70308861193571
11580,F,0.001,0.001,0.001,1.71003245519473
11581,M,0.0,0.0,0.0,1.83690743425731
11582,F,0.001,0.001,0.001,1.55883065654618
11583,M,0.0,0.0,0.0,1.513805901481
11584,F,0.001,0.001,0.001,1.80833343428774
11585,M,0.0,0.0,0.0,1.76730453949668
11586,F,0.001,0.001,0.001,1.62201988612247
11587,M,0.0,0.0,0.0,1.58993748997944
11588,F,0.001,0.001,0.001,2.17768707912081
11589,M,0.0,0.0020508219374418056,0.0,1.83372390145927
11590,F,0.001,0.001,0.001,1.84658438081862
11591,M,0.0,0.0,0.0,1.72460732846967
11592,F,0.001,0.001,0.001,2.095444222588
11593,M,0.0,0.0,0.0,1.7418858723505
11594,F,0.001,0.001,0.001,1.93182111297538
11595,M,0.0,0.0007636605624904767,0.0,1.64010182954146
11596,F,0.001,0.001,0.001,1.84049353768222
11597,M,0.0,0.0,0.0,1.62215048189049
11598,F,0.001,0.001,0.001,2.04285105919511
11599,M,0.0,0.0025395693156688207,0.0,1.82349047947891
11600,F,0.001,0.001,0.001,1.90194173277216
11601,M,0.0,0.0,0.0,1.79861826997631
11602,F,0.001,0.001,0.001,2.15227281699392
11603,M,0.0,0.0,0.0,2.13804597975479
11604,F,0.001,0.001,0.001,1.65079076569198
11605,M,0.0,0.007895709436084383,0.0,1.68172927654986
11606,F,0.001,0.001,0.001,1.7269147127761
11607,M,0.0,0.0,0.0,1.85327623915741
11608,F,0.001,0.001,0.001,1.18235911083179
11609,M,0.0,0.003816142707278956,0.0,1.51243774695455
11610,F,0.001,0.001,0.001,1.51320051686519
11611,M,0.0,0.0,0.0,1.34780411511661
11612,F,0.001,0.001,0.001,2.02585086281811
11613,M,0.0,0.0,0.0,1.66948501153142
11614,F,0.001,0.001,0.001,1.85780949813712
11615,M,0.0,0.0024837794495125736,0.007029834239964797,2.10186592980458
11616,F,0.001,0.001,0.001,2.20254618151516
11617,M,0.0,0.0007301953759294499,0.008672228175372866,1.97686660212509
11618,F,0.001,0.001,0.001,1.95227650607531
11619,M,0.0,0.0,0.0,1.83985731275562
11620,F,0.001,0.001,0.001,1.65097782794152
11621,M,0.0,0.001285193947742395,0.008823639964557373,1.88440610024175
11622,F,0.001,0.001,0.001,1.7362652400733
11623,M,0.0,0.0,0.0,1.7788556596794
11624,F,0.001,0.001,0.001,1.52580329562762
11625,M,0.0,0.0,0.0,1.75359403684194
11626,F,0.001,0.001,0.001,1.8310083530937
11627,M,0.0,0.0,0.0,1.95229194855408
11628,F,0.001,0.001,0.001,1.72321942164887
11629,M,0.0,0.0009404481824633931,0.0008279287153413592,1.94178873769511
11630,F,0.001,0.001,0.001,1.85876926463117
11631,M,0.0,0.0,0.007194571498208567,1.76991596857101
11632,F,0.001,0.001,0.001,1.65209227628785
11633,M,0.0,0.0013973998525627052,0.0,1.83398062706815
11634,F,0.001,0.001,0.001,1.9481959739538
11635,M,0.0,0.0,0.0,1.68040185923708
11636,F,0.001,0.001,0.001,1.88530120113814
11637,M,0.0,0.0,0.0,1.88454157594107
11638,F,0.001,0.001,0.001,2.02354474834788
11639,M,0.0,0.0,0.0,2.09687304596449
11640,F,0.001,0.001,0.001,2.05012756956442
11641,M,0.0,0.0,0.0,2.12623814022563
11642,F,0.001,0.001,0.001,1.79281776791491
11643,M,0.0,0.005681270739071477,0.0,1.52599999186009
11644,F,0.001,0.001,0.001,2.15830530490016
11645,M,0.0,0.0005039126984181685,0.0,1.23754083236745
11646,F,0.001,0.001,0.001,2.25022179461828
11647,M,0.0,0.0,0.0,2.17453022165787
11648,F,0.001,0.001,0.001,1.45784736207976
11649,M,0.0,0.007173233722294195,0.0,1.84060825884728
11650,F,0.001,0.001,0.001,1.88146300072139
11651,M,0.0,0.0,0.004292009258409842,2.12059635434624
11652,F,0.001,0.001,0.001,1.92708331165291
11653,M,0.0,0.0,0.0,1.64134080997899
11654,F,0.001,0.001,0.001,1.65404362489161
11655,M,0.0,0.0,0.003417615078492714,1.47845811618212
11656,F,0.001,0.001,0.001,1.52714782638414
11657,M,0.0,0.0016568440082742413,0.0,1.88567792262862
11658,F,0.001,0.001,0.001,1.75997558492065
11659,M,0.0,0.00038140374698722755,0.0,1.59645047877197
11660,F,0.001,0.001,0.001,1.87719207298585
11661,M,0.0,0.0,0.007203663170526565,1.96985779679493
11662,F,0.001,0.001,0.001,1.99302949510743
11663,M,0.0,0.0,0.0,1.75380440821653
11664,F,0.001,0.001,0.001,2.07843992377925
11665,M,0.0,0.000587488451229727,0.0,2.16218555463295
11666,F,0.001,0.001,0.001,1.56115766930142
11667,M,0.0,0.0,0.0,1.83433310451233
11668,F,0.001,0.001,0.001,1.74635795470971
11669,M,0.0,0.0,0.0,1.79014968644795
11670,F,0.001,0.001,0.001,1.87441349157816
11671,M,0.0,0.0,0.0,1.90811735223437
11672,F,0.001,0.001,0.001,2.08011159229833
11673,M,0.0,0.0,0.0,1.90474966688519
11674,F,0.001,0.001,0.001,1.77707183225965
11675,M,0.0,0.0,0.0,2.14189692407887
11676,F,0.001,0.001,0.001,1.77882521355286
11677,M,0.0,0.0,0.0,1.96483526848114
11678,F,0.001,0.001,0.001,1.63268256058994
11679,M,0.0,0.0,0.0,1.56488886714604
11680,F,0.001,0.001,0.001,1.85139999895121
11681,M,0.0,0.0,0.0,1.83017557583328
11682,F,0.001,0.001,0.001,1.8567851580714
11683,M,0.0,0.0010948779426679684,0.0048405212166181535,1.77258519008777
11684,F,0.001,0.001,0.001,1.91926615476863
11685,M,0.0,0.0,0.0,1.9036922104697
11686,F,0.001,0.001,0.001,1.9919655638188
11687,M,0.0,0.0,0.008613745577855663,1.90455891126233
11688,F,0.001,0.001,0.001,2.03878605789044
11689,M,0.0,0.0,0.006283103239722629,2.07073661934669
11690,F,0.001,0.001,0.001,1.41145959089492
11691,M,0.0,0.0,0.0,1.66522848036022
11692,F,0.001,0.001,0.001,1.92089914600297
11693,M,0.0,0.0,0.0,1.65733863039671
11694,F,0.001,0.001,0.001,2.18143393882879
11695,M,0.0,0.0,0.0,1.9301271858444
11696,F,0.001,0.001,0.001,2.04026629872317
11697,M,0.0,0.0,0.0,1.71161876167942
11698,F,0.001,0.001,0.001,1.83674009333421
11699,M,0.0,0.0,0.0,2.04703651982288
11700,F,0.001,0.001,0.001,1.95010382037783
11701,M,0.0,0.0016979281670131238,0.0,1.63595926584178
11702,F,0.001,0.001,0.001,1.78064184718871
11703,M,0.0,0.002964223462616783,0.0,1.76055020560036
11704,F,0.001,0.001,0.001,1.49905753992666
11705,M,0.0,0.004366142971871013,0.0,1.68328952888079
11706,F,0.001,0.001,0.001,1.47926317547983
11707,M,0.0,0.0,0.0,1.81262635722125
11708,F,0.001,0.001,0.001,1.9279308645356
11709,M,0.0,0.0003775303286267915,0.0,1.71623190848486
11710,F,0.001,0.001,0.001,2.15835039048223
11711,M,0.0,0.0,0.0,1.77270178443653
11712,F,0.001,0.001,0.001,1.88996870715891
11713,M,0.0,0.0,0.0,1.8883345484367
11714,F,0.001,0.001,0.001,1.87180319083144
11715,M,0.0,0.0,0.0,2.08343615536306
11716,F,0.001,0.001,0.001,2.18861142729789
11717,M,0.0,5.814781810511401e-05,0.0,1.6998940062991
11718,F,0.001,0.001,0.001,1.81593287299949
11719,M,0.0,0.0,0.0,1.91944588880028
11720,F,0.001,0.001,0.001,1.86256437717478
11721,M,0.0,0.0,0.0,2.27665656464663
11722,F,0.001,0.001,0.001,1.83531528519278
11723,M,0.0,0.003141910501649159,0.006011444215655449,1.94880650095618
11724,F,0.001,0.001,0.001,1.9801534189109
11725,M,0.0,0.0024810311429014935,0.0,1.76816269700307
11726,F,0.001,0.001,0.001,1.75527788660865
11727,M,0.0,0.0,0.0,1.68851591273969
11728,F,0.001,0.001,0.001,1.24039720383973
11729,M,0.0,0.0,0.0,1.73232250763551
11730,F,0.001,0.001,0.001,1.54531822704061
11731,M,0.0,0.004478169594790402,0.0,1.65137948623488
11732,F,0.001,0.001,0.001,1.44829024610444
11733,M,0.0,0.0,0.0,2.07229076793579
11734,F,0.001,0.001,0.001,1.99537774584073
11735,M,0.0,0.0,0.0,1.73264669837056
11736,F,0.001,0.001,0.001,1.84300535810164
11737,M,0.0,0.0,0.006364778194479033,2.1613114416413
11738,F,0.001,0.001,0.001,2.30670066923025
11739,M,0.0,0.0019772749448543838,0.0,1.53337987626455
11740,F,0.001,0.001,0.001,2.00591611826592
11741,M,0.0,0.006795469259159038,0.0,1.73856437432127
11742,F,0.001,0.001,0.001,2.05744628976811
11743,M,0.0,0.0020477265759584334,0.0,1.9689080037962
11744,F,0.001,0.001,0.001,1.7848370535241
11745,M,0.0,0.0,0.0,1.94022132373407
11746,F,0.001,0.001,0.001,2.05779638406845
11747,M,0.0,0.0,0.0,1.76619175022012
11748,F,0.001,0.001,0.001,1.86613763571787
11749,M,0.0,0.0,0.0,1.97516745433233
11750,F,0.001,0.001,0.001,1.54406786081535
11751,M,0.0,0.0,0.0,1.87223213823271
11752,F,0.001,0.001,0.001,1.40017069432165
11753,M,0.0,0.003079634178631645,0.0,1.6450305202559
11754,F,0.001,0.001,0.001,1.382609904906
11755,M,0.0,0.0051133202286352195,0.0,1.793086698509
11756,F,0.001,0.001,0.001,1.6951646169301
11757,M,0.0,0.0,0.0,1.86853053367202
11758,F,0.001,0.001,0.001,1.97949488655463
11759,M,0.0,0.0,0.0,1.68409907873591
11760,F,0.001,0.001,0.001,2.15669928155322
11761,M,0.0,0.0027667247817158955,0.0,1.8160204944791
11762,F,0.001,0.001,0.001,1.83044469967946
11763,M,0.0,0.0,0.0,1.45639148938987
11764,F,0.001,0.001,0.001,1.92172936908459
11765,M,0.0,0.0,0.0,1.87402249366027
11766,F,0.001,0.001,0.001,2.03244776114939
11767,M,0.0,0.0,0.0,1.82430878123889
11768,F,0.001,0.001,0.001,2.12387764395249
11769,M,0.0,0.0,0.0,1.97170252618237
11770,F,0.001,0.001,0.001,1.96355685066008
11771,M,0.0,0.0,0.0,2.14038719444539
11772,F,0.001,0.001,0.001,1.79972011698353
11773,M,0.0,0.0,0.0,2.05679742874883
11774,F,0.001,0.001,0.001,1.34743733198693
11775,M,0.0,0.00031214412259011957,0.0,1.48858787186588
11776,F,0.001,0.001,0.001,1.17808873206158
11777,M,0.0,0.0,0.0,1.90775708304077
11778,F,0.001,0.001,0.001,1.54740668485412
11779,M,0.0,0.0,0.0,1.90385309858838
11780,F,0.001,0.001,0.001,1.90621739164992
11781,M,0.0,0.0026239203848693847,0.0,1.84093846098638
11782,F,0.001,0.001,0.001,1.96149663650127
11783,M,0.0,0.0,0.0,1.64394147887646
11784,F,0.001,0.001,0.001,1.78305076797567
11785,M,0.0,0.0,0.0,2.11084417645771
11786,F,0.001,0.001,0.001,1.8091746171788
11787,M,0.0,0.0,0.0,1.61411054589724
11788,F,0.001,0.001,0.001,1.97342452834992
11789,M,0.0,0.0,0.001980801184025673,1.90999788233982
11790,F,0.001,0.001,0.001,1.99910266642435
11791,M,0.0,0.0,0.0,2.24780354583406
11792,F,0.001,0.001,0.001,1.59351225465573
11793,M,0.0,0.0,0.0,1.8650444441068
11794,F,0.001,0.001,0.001,1.87008555098967
11795,M,0.0,0.0,0.0,2.22293993816172
11796,F,0.001,0.001,0.001,1.89634829167936
11797,M,0.0,0.0,0.004310159899403432,2.08297606276822
11798,F,0.001,0.001,0.001,1.84622182900419
11799,M,0.0,0.0,0.0,1.64543161182996
11800,F,0.001,0.001,0.001,1.80855175214097
11801,M,0.0,0.0,0.0,1.92824710410658
11802,F,0.001,0.001,0.001,1.58403902907586
11803,M,0.0,0.006811235903614568,0.0,1.41901961358908
11804,F,0.001,0.001,0.001,1.80921337380751
11805,M,0.0,0.0,0.0,1.89507356016487
11806,F,0.001,0.001,0.001,2.0467667406574
11807,M,0.0,0.0,0.0,1.95141308858779
11808,F,0.001,0.001,0.001,2.19101716412658
11809,M,-0.0,0.0,0.0,2.36507618280595
11810,F,0.001,0.001,0.001,1.9510036348544
11811,M,0.0,0.0,0.0,1.31491867582887
11812,F,0.001,0.001,0.001,1.99611245191557
11813,M,0.0,0.004438276674569614,0.0,1.65857460125175
11814,F,0.001,0.001,0.001,1.91793855459491
11815,M,0.0,0.0,0.001605183080597206,2.15985440717098
11816,F,0.001,0.001,0.001,1.78740138680783
11817,M,0.0,0.0,0.0,1.60135173680519
11818,F,0.001,0.001,0.001,1.77225069568487
11819,M,0.0,0.0,0.0,1.86722867576726
11820,F,0.001,0.001,0.001,1.96587986398436
11821,M,0.0,0.0,0.0,2.13359745014903
11822,F,0.001,0.001,0.001,1.93315334698727
11823,M,0.0,0.0,0.0,1.93362291329925
11824,F,0.001,0.001,0.001,1.69747746406513
11825,M,0.0,0.0012987204599844658,0.00611401662509428,1.46038207598363
11826,F,0.001,0.001,0.001,1.88775246157706
11827,M,0.0,0.0,0.0,1.76254946764654
11828,F,0.001,0.001,0.001,1.8615939344155
11829,M,0.0,0.0,0.0,2.02167333532885
11830,F,0.001,0.001,0.001,1.90972952204505
11831,M,0.0,0.0,0.0,1.68265803736181
11832,F,0.001,0.001,0.001,2.07138400378608
11833,M,0.0,0.0,0.0,2.24708622535601
11834,F,0.001,0.001,0.001,2.17524909804994
11835,M,0.0,0.00472963985054606,0.0,1.55499537909411
11836,F,0.001,0.001,0.001,1.87799059171861
11837,M,0.0,0.006783174125720366,0.0,1.83621169597675
11838,F,0.001,0.001,0.001,2.00075489939957
11839,M,0.0,0.0,0.007535938866021328,2.03947198276268
11840,F,0.001,0.001,0.001,2.06876298982627
11841,M,0.0,0.00018868337266407474,0.0,1.76877296451958
11842,F,0.001,0.001,0.001,1.50391688244491
11843,M,0.0,0.0,0.0,2.02046661199138
11844,F,0.001,0.001,0.001,1.91766355690991
11845,M,0.0,0.0,0.0,1.99999435419364
11846,F,0.001,0.001,0.001,1.73063254997378
11847,M,0.0,0.0032590668290539424,0.0,1.71845726633852
11848,F,0.001,0.001,0.001,1.44535442209695
11849,M,0.0,0.006472548101608061,0.006884641706439556,1.686552984428
11850,F,0.001,0.001,0.001,1.93488909506347
11851,M,0.0,0.0,0.0,1.64371443495325
11852,F,0.001,0.001,0.001,1.78345168150946
11853,M,0.0,0.0007604133026354579,0.0,1.96209643803048
11854,F,0.001,0.001,0.001,1.7791312063383
11855,M,0.0,0.004452603260650704,0.0,1.93896072040444
11856,F,0.001,0.001,0.001,1.83913953941579
11857,M,0.0,0.0022607473366242623,0.0,2.07015536820981
11858,F,0.001,0.001,0.001,2.01891085418988
11859,M,0.0,0.0,0.0,1.88425538068748
11860,F,0.001,0.001,0.001,1.72173357432343
11861,M,0.0,0.0,0.0,1.76034327920671
11862,F,0.001,0.001,0.001,2.17028604620791
11863,M,0.0,0.0008078349134210038,0.0,2.0223805726791
11864,F,0.001,0.001,0.001,1.94739683437189
11865,M,0.0,0.0,0.005002308706820166,1.89521664195819
11866,F,0.001,0.001,0.001,1.88276830581431
11867,M,0.0,0.0,0.0,1.69891544680214
11868,F,0.001,0.001,0.001,2.0080738272071
11869,M,0.0,0.0,0.0,1.83700508464069
11870,F,0.001,0.001,0.001,1.62815428858679
11871,M,0.0,0.0043265546937526446,0.0,1.97800217653664
11872,F,0.001,0.001,0.001,1.57580495862361
11873,M,0.0,0.0,0.0,1.31185678622243
11874,F,0.001,0.001,0.001,1.73653230049147
11875,M,0.0,0.0049651640614184886,0.0,1.79038496927906
11876,F,0.001,0.001,0.001,1.89615129801754
11877,M,0.0,0.0,0.003934159726173794,1.8468645258537
11878,F,0.001,0.001,0.001,1.71607141471782
11879,M,0.0,0.00012758138020491994,0.004053579889437142,1.88675023191076
11880,F,0.001,0.001,0.001,2.11842592290356
11881,M,0.0,0.0009337996203661256,0.0,2.10694093138983
11882,F,0.001,0.001,0.001,1.94244684810837
11883,M,0.0,0.0,0.0,1.46940990613411
11884,F,0.001,0.001,0.001,1.76484006692877
11885,M,0.0,0.0,0.0,2.25767840915844
11886,F,0.001,0.001,0.001,1.93187298266786
11887,M,0.0,0.0020936722895572506,0.0,2.36256891993681
11888,F,0.001,0.001,0.001,1.67442281635833
11889,M,0.0,0.0,0.0,2.19210584219207
11890,F,0.001,0.001,0.001,1.65094744177327
11891,M,0.5,0.0,0.009339200478307672,2.48067844114982
11892,F,0.001,0.001,0.001,1.98273799458153
11893,M,0.0,0.005013097091669447,0.002621677234269232,1.71565011115232
11894,F,0.001,0.001,0.001,1.68023735019225
11895,M,0.0,0.0009255005676990175,0.0012197133616305244,1.7828436556053
11896,F,0.001,0.001,0.001,1.71028729533073
11897,M,0.0,0.0011329231443500025,0.0,1.83702445931335
11898,F,0.001,0.001,0.001,1.48405651620965
11899,M,0.0,0.007008733081178416,0.0,1.55907605942077
11900,F,0.001,0.001,0.001,1.45005245173777
11901,M,0.0,0.0,0.0,2.13487320558112
11902,F,0.001,0.001,0.001,1.78883267986507
11903,M,0.0,0.007052788386845301,0.0,1.92941132905258
11904,F,0.001,0.001,0.001,1.90172848857242
11905,M,0.0,0.0,0.004159851380376535,2.01873909024256
11906,F,0.001,0.001,0.001,1.68919749230938
11907,M,0.0,0.004744534703724191,0.000816489250492005,1.9046787113484
11908,F,0.001,0.001,0.001,1.90738929476002
11909,M,0.0,0.0,0.0,1.79832166818062
11910,F,0.001,0.001,0.001,2.18009976136729
11911,M,0.0,0.0,0.0,2.20414244901239
11912,F,0.001,0.001,0.001,1.92246000606123
11913,M,0.0,0.0,0.0,1.84663172042649
11914,F,0.001,0.001,0.001,1.63494279676331
11915,M,0.0,0.0,0.0,1.94485325709567
11916,F,0.001,0.001,0.001,1.73748194343816
11917,M,0.0,0.0,0.0,1.60282067716887
11918,F,0.001,0.001,0.001,1.89958338757218
11919,M,0.0,0.0,0.0,2.04416201038678
11920,F,0.001,0.001,0.001,1.90450029938627
11921,M,0.0,0.0,0.0,1.81886048289491
11922,F,0.001,0.001,0.001,1.97008196109116
11923,M,0.0,0.0,0.0,1.43276755068556
11924,F,0.001,0.001,0.001,1.70756964174347
11925,M,0.0,0.0,0.007995795852257358,1.97844203238298
11926,F,0.001,0.001,0.001,1.72281034095249
11927,M,0.0,0.0011769936158194335,0.0,1.88524884153092
11928,F,0.001,0.001,0.001,2.07134755337363
11929,M,0.0,0.0,0.0,1.99998321465978
11930,F,0.001,0.001,0.001,1.901464081977
11931,M,0.0,0.002297331147441574,0.0,1.66702777223385
11932,F,0.001,0.001,0.001,1.83672164834667
11933,M,0.0,0.0,0.0,1.73391951583033
11934,F,0.001,0.001,0.001,2.01447607013923
11935,M,0.0,0.0,0.0,1.92557949795267
11936,F,0.001,0.001,0.001,2.00683745134979
11937,M,0.0,0.005660237427596755,0.0,1.72472324482684
11938,F,0.001,0.001,0.001,1.65827709376911
11939,M,0.0,0.0,0.0,1.77992194652338
11940,F,0.001,0.001,0.001,1.86749239080863
11941,M,0.0,0.001119505002218487,0.0,1.51721187060331
11942,F,0.001,0.001,0.001,2.00827200837969
11943,M,0.0,0.0,0.0013167618423523396,1.59169212969368
11944,F,0.001,0.001,0.001,1.6496470187982
11945,M,0.0,0.008316753586586798,0.0,1.4229869955342
11946,F,0.001,0.001,0.001,1.77108133234796
11947,M,0.0,0.0,0.0,1.67614432191103
11948,F,0.001,0.001,0.001,1.59598600655223
11949,M,0.0,0.002301027158575904,0.0,1.70469825448273
11950,F,0.001,0.001,0.001,2.15399102501632
11951,M,0.0,0.0,0.0,1.78070868953613
11952,F,0.001,0.001,0.001,2.05758438574378
11953,M,0.0,0.0,0.0037466187317423535,2.22870702513593
11954,F,0.001,0.001,0.001,1.73222187080583
11955,M,0.0,0.0,0.0,1.49445226077991
11956,F,0.001,0.001,0.001,1.80081197515928
11957,M,0.0,0.0027238180070511533,0.0,1.81205687027651
11958,F,0.001,0.001,0.001,2.07929664451427
11959,M,0.0,0.0,0.0,1.9268283121234
11960,F,0.001,0.001,0.001,1.99036591312199
11961,M,0.0,0.008012318939744105,0.0,1.78565246516543
11962,F,0.001,0.001,0.001,1.63887507916392
11963,M,0.0,0.0015329724091345009,0.0,1.82558882446925
11964,F,0.001,0.001,0.001,1.91996408086843
11965,M,0.0,0.0018950465116733676,0.00801695109731466,2.17041026883964
11966,F,0.001,0.001,0.001,2.02239146761122
11967,M,0.0,0.0,0.0,1.54482299360009
11968,F,0.001,0.001,0.001,1.53617066482435
11969,M,0.0,0.0,0.0,1.66860605783725
11970,F,0.001,0.001,0.001,1.66956815906399
11971,M,0.0,0.00017609720714199087,0.00033811349782493966,1.74702684453756
11972,F,0.001,0.001,0.001,1.86817629005347
11973,M,0.0,0.001557935133356266,0.0,1.82203957518448
11974,F,0.001,0.001,0.001,1.81771385815585
11975,M,0.0,0.0,0.0,2.04977431239104
11976,F,0.001,0.001,0.001,1.8668761384021
11977,M,0.0,0.0,0.0,1.86070767221052
11978,F,0.001,0.001,0.001,1.73687080788979
11979,M,0.0,0.0,0.0,1.55685921962169
11980,F,0.001,0.001,0.001,1.75423056114535
11981,M,0.0,0.0,0.0,1.79655362784192
11982,F,0.001,0.001,0.001,2.02226051651603
11983,M,0.0,0.0,0.0,2.15591778095408
11984,F,0.001,0.001,0.001,1.90572469355785
11985,M,0.0,0.0,0.002464485657449333,1.81893985375034
11986,F,0.001,0.001,0.001,1.95198946607658
11987,M,0.0,0.0,0.0,2.23900092619175
11988,F,0.001,0.001,0.001,2.0333581524225
11989,M,0.0,0.0005842917934584434,0.007558001564396368,1.69965799794087
11990,F,0.001,0.001,0.001,1.79907575076753
11991,M,0.0,0.0,0.0,1.77931318797391
11992,F,0.001,0.001,0.001,2.04444981118515
11993,M,0.0,0.0,0.0,1.74546002655885
11994,F,0.001,0.001,0.001,1.79566583667104
11995,M,0.0,0.0,0.0,1.98534421357336
11996,F,0.001,0.001,0.001,1.55651842009878
11997,M,0.0,0.0,0.0,1.95639182213973
11998,F,0.001,0.001,0.001,1.97310900325477
11999,M,0.0,0.0,0.0,1.81209092367921
12000,F,0.001,0.001,0.001,1.60610527337672
