1 1 0.211051278380018
1 2 0.00273716609598956
2 2 0.225442906154032
1 3 0.00273158018933097
2 3 0.00268795288775367
3 3 0.227093003577181
1 4 0.00261300616294458
2 4 0.00282081994331515
3 4 0.00552859451173849
4 4 0.222651669978135
1 5 0.00301378773174549
2 5 0.0027300629383256
3 5 0.00281315254062779
4 5 0.00276893600492115
5 5 0.22328451331719
1 6 0.00271693067299477
2 6 0.00271063686567719
3 6 0.00282838203494622
4 6 0.0026638398871718
5 6 0.00277103628379737
6 6 0.226094642904198
1 7 0.00278637619953059
2 7 0.00267103220923185
3 7 0.00277055544050594
4 7 0.00275190519855794
5 7 0.00277526818646977
6 7 0.00352376191124897
7 7 0.230233463392904
1 8 0.0027333877641742
2 8 0.00279058109095188
3 8 0.00274525170618803
4 8 0.00275972501672306
5 8 0.00274771575249327
6 8 0.00266344221472232
7 8 0.00272960000334633
8 8 0.225451703337122
1 9 0.00272567422837567
2 9 0.00270296629562902
3 9 0.00275454023096851
4 9 0.00274851019225013
5 9 0.00273329120647366
6 9 0.0026987756815827
7 9 0.00272246540802523
8 9 0.00275274340368692
9 9 0.226904204951277
1 10 0.00270512366535332
2 10 0.00272122259051796
3 10 0.00306782244129586
4 10 0.00277031288550463
5 10 0.00307004059867087
6 10 0.0027541338453862
7 10 0.00271880227956952
8 10 0.00467876344227318
9 10 0.00488594231003795
10 10 0.226430501416146
1 11 0.00270096654776053
2 11 0.00274500734600861
3 11 0.00289512144269912
4 11 0.00273497420977119
5 11 0.00250449915362714
6 11 0.00488068556395809
7 11 0.0035426631132614
8 11 0.00285386983444555
9 11 0.00502930976054203
10 11 0.00274747277802285
11 11 0.223214653895145
1 12 0.00729464823898697
2 12 0.0027330794101271
3 12 0.00267832078152632
4 12 0.00288874635013344
5 12 0.00270488688256285
6 12 0.00268184665209632
7 12 0.00274353033494875
8 12 0.00294474697190069
9 12 0.00266418345289662
10 12 0.00260361349970747
11 12 0.00261752899428287
12 12 0.22585181997872
1 13 0.00277828675302982
2 13 0.0027518573215512
3 13 0.00268765883512401
4 13 0.00246811830670086
5 13 0.0026961726764792
6 13 0.00269582126091552
7 13 0.00270923035226871
8 13 0.00277067033957498
9 13 0.00269183884581039
10 13 0.00232347877108874
11 13 0.0026870895064163
12 13 0.00305558074454115
13 13 0.225832633193106
1 14 0.00302869984827666
2 14 0.00269382675670405
3 14 0.00276532634050847
4 14 0.00251399076049031
5 14 0.00302424140053495
6 14 0.00284727148765115
7 14 0.00708138428673582
8 14 0.00268896551790989
9 14 0.0027025533744782
10 14 0.00259773995454982
11 14 0.00272506058621991
12 14 0.00270702401563522
13 14 0.00489983743349884
14 14 0.22476413538299
1 15 0.00271687967314057
2 15 0.0033266928460009
3 15 0.00271568358362208
4 15 0.00268864596132728
5 15 0.00271586469545073
6 15 0.00286136310772416
7 15 0.00272348921579259
8 15 0.00353876499748295
9 15 0.00264812476966764
10 15 0.00267918964954289
11 15 0.00273777053223496
12 15 0.00353718101478142
13 15 0.0035320527837753
14 15 0.00272745121829379
15 15 0.217142832352833
1 16 0.00271805743088544
2 16 0.00256114855132597
3 16 0.00274912454411869
4 16 0.00272833685357179
5 16 0.00274345402248903
6 16 0.00272975288297169
7 16 0.0116093031741103
8 16 0.00272491455130855
9 16 0.00275101504320402
10 16 0.00271298641121953
11 16 0.00273335954128592
12 16 0.00266944151093909
13 16 0.00273877715873504
14 16 0.00712595967284554
15 16 0.00272591029485164
16 16 0.227784756553637
1 17 0.00584932618964261
2 17 0.00274231631836763
3 17 0.00273098385599154
4 17 0.00259138960689576
5 17 0.00299003555909497
6 17 0.00247540596596611
7 17 0.0027731791279275
8 17 0.00268731243284045
9 17 0.00268689283148612
10 17 0.00270784463376292
11 17 0.00265681905132449
12 17 0.00514124046096697
13 17 0.00273939281067188
14 17 0.0030252807422787
15 17 0.00275835337645968
16 17 0.00272433512973972
17 17 0.209315127641295
1 18 0.00289295694117317
2 18 0.0027866352739052
3 18 0.00269837633570753
4 18 0.0028958842761105
5 18 0.00272835671661046
6 18 0.00247075511782498
7 18 0.00271955686126691
8 18 0.002706424562042
9 18 0.00269659818658176
10 18 0.0027406723516395
11 18 0.00271825831089396
12 18 0.00278845082765691
13 18 0.00263597228452355
14 18 0.00263255041634718
15 18 0.00266167735774896
16 18 0.00271293952485717
17 18 0.00280905566938888
18 18 0.225593774784833
1 19 0.00272055954288052
2 19 0.00277273305143461
3 19 0.00268875066540668
4 19 0.00272515751047692
5 19 0.00273712589663124
6 19 0.00264753003649178
7 19 0.00271479828642804
8 19 0.0024020017298539
9 19 0.00275585023820499
10 19 0.00242162660768256
11 19 0.00265029394066602
12 19 0.0027325328008965
13 19 0.00486044645745111
14 19 0.00270677754044543
15 19 0.00265237674593262
16 19 0.00269490237358049
17 19 0.00275364030703784
18 19 0.00459272192079658
19 19 0.224400362004936
1 20 0.00276992866919655
2 20 0.00274935480459149
3 20 0.00497346997103525
4 20 0.00521638770213673
5 20 0.00254868375948701
6 20 0.00294567340424139
7 20 0.00281418351740191
8 20 0.00272465792023239
9 20 0.0049385775333691
10 20 0.00272348231593273
11 20 0.00504428248831301
12 20 0.00266230127884596
13 20 0.00267910521313685
14 20 0.0030864389388947
15 20 0.00270478881473782
16 20 0.00272417573323194
17 20 0.00271706148639134
18 20 0.00274457219775173
19 20 0.00268552436349651
20 20 0.228098649453855
1 21 0.00288434528225116
2 21 0.00286202030648501
3 21 0.00266283656240245
4 21 0.00276806703967945
5 21 0.00269444062001093
6 21 0.00272364777078944
7 21 0.00272920485229267
8 21 0.00268898038061295
9 21 0.00270692803721436
10 21 0.00276336166411069
11 21 0.00268911214081284
12 21 0.00279001286664634
13 21 0.00298420737810784
14 21 0.00274116909440728
15 21 0.0026668329877617
16 21 0.00272341079697688
17 21 0.00288051363692173
18 21 0.00493822764264196
19 21 0.00282702138026664
20 21 0.00269332109835857
21 21 0.225320736022667
1 22 0.00240776284262868
2 22 0.00272079071841885
3 22 0.00351929950397534
4 22 0.00305850133248007
5 22 0.00304221094469553
6 22 0.00273446383234108
7 22 0.00272440469935552
8 22 0.00268730602252522
9 22 0.0049938679104379
10 22 0.00569821565668319
11 22 0.00271296366698217
12 22 0.00269372738522533
13 22 0.0026451648763436
14 22 0.00272850558506897
15 22 0.00266906814152246
16 22 0.00275367531924012
17 22 0.00239161097762035
18 22 0.00273985939347754
19 22 0.00268185694026943
20 22 0.002727695508155
21 22 0.00267728168087036
22 22 0.223717186946324
1 23 0.00299718306140033
2 23 0.00275390473509274
3 23 0.0027207472905239
4 23 0.00280458453061949
5 23 0.00289027395181561
6 23 0.00244514229852015
7 23 0.0027035519524619
8 23 0.00271085427416049
9 23 0.00268228831886846
10 23 0.00279204500907889
11 23 0.00257281759683011
12 23 0.00301633978546145
13 23 0.00272772760183104
14 23 0.00270330160099106
15 23 0.00274124940582053
16 23 0.00269992359381438
17 23 0.0029421885256508
18 23 0.0031120285149195
19 23 0.00298943819812369
20 23 0.0026491158425626
21 23 0.00271705802273345
22 23 0.00271243844332185
23 23 0.223959190774433
1 24 0.00507696934667568
2 24 0.00248754496886005
3 24 0.00260859700192529
4 24 0.00270862530277746
5 24 0.00273989455503532
6 24 0.00271372126475506
7 24 0.00263189539287562
8 24 0.00271965694356276
9 24 0.00275827883916932
10 24 0.00275501947063852
11 24 0.00264284409079819
12 24 0.004967904032342
13 24 0.0028418317256314
14 24 0.00267626565096737
15 24 0.00267587719342234
16 24 0.00261741765520957
17 24 0.002760032334147
18 24 0.00271640359242915
19 24 0.0027272447574389
20 24 0.00264777273422033
21 24 0.00350202417043221
22 24 0.00270427146217039
23 24 0.00304098727045643
24 24 0.216476560420207
1 25 0.00253936750279598
2 25 0.00249227035443616
3 25 0.00265886393664811
4 25 0.00268197203284595
5 25 0.00261741698550553
6 25 0.00282669411819773
7 25 0.00295983815757934
8 25 0.0026952900741773
9 25 0.00271626194125447
10 25 0.00281694497091733
11 25 0.002701334766064
12 25 0.00248885862908419
13 25 0.00271872060424226
14 25 0.00276047040914719
15 25 0.00272106154124414
16 25 0.00266781590411405
17 25 0.00259297388201996
18 25 0.00262180841015116
19 25 0.00264371700910746
20 25 0.00266154037208468
21 25 0.00267049839796763
22 25 0.00269016293142137
23 25 0.0028455150083591
24 25 0.00290828534821995
25 25 0.221577979298328
1 26 0.00286685377002582
2 26 0.0412677011843523
3 26 0.0026871665170376
4 26 0.00271795710875384
5 26 0.00272482734550943
6 26 0.00271641929577352
7 26 0.00274297939873681
8 26 0.00282659461703271
9 26 0.00270554002314674
10 26 0.00270480252141186
11 26 0.00275904123490293
12 26 0.00275446843798467
13 26 0.00276460942128694
14 26 0.00273535138384369
15 26 0.0032915306432832
16 26 0.00272551014730025
17 26 0.00290415519218387
18 26 0.00490958196231232
19 26 0.00276819498433345
20 26 0.00271818118826306
21 26 0.00501511261052744
22 26 0.00265948869008338
23 26 0.00276302343476681
24 26 0.00241799990279318
25 26 0.00347170802600289
26 26 0.227067469076938
1 27 0.00275371723918634
2 27 0.00275165667813807
3 27 0.0414988104136277
4 27 0.00525835958079312
5 27 0.00283346101948337
6 27 0.00281921901082844
7 27 0.00274849451438019
8 27 0.00275053665163279
9 27 0.00273211566500981
10 27 0.0030174900027477
11 27 0.00288472188623122
12 27 0.00271207756319137
13 27 0.00285093036768864
14 27 0.00278942539510032
15 27 0.00272021509370697
16 27 0.00274709032619944
17 27 0.0027394095914344
18 27 0.00270938401486372
19 27 0.00268773497143167
20 27 0.00493973372433463
21 27 0.00490219507529495
22 27 0.00345242453154397
23 27 0.00273365615359616
24 27 0.0027110789548706
25 27 0.00255519736038115
26 27 0.00267767690484049
27 27 0.227603702545839
1 28 0.00275346266728803
2 28 0.00273704500076783
3 28 0.00496062565280767
4 28 0.0413348726479423
5 28 0.0027878901978724
6 28 0.00265797094045375
7 28 0.00271887960916413
8 28 0.00266171179331524
9 28 0.00270522759926419
10 28 0.00274641989350172
11 28 0.00272403107369401
12 28 0.00298249766233936
13 28 0.00242256663643213
14 28 0.00253960846128042
15 28 0.00268113828242727
16 28 0.0026940736362522
17 28 0.00290227851213509
18 28 0.00469264418638998
19 28 0.00468272984899786
20 28 0.0048729468049878
21 28 0.00271006354803352
22 28 0.00300740971410954
23 28 0.00277735266246557
24 28 0.00272691289498121
25 28 0.00259139825010094
26 28 0.00271848354146047
27 28 0.00491190382883445
28 28 0.213809788312589
1 29 0.00280338953719462
2 29 0.00273334045222304
3 29 0.00273828350575017
4 29 0.00273720915299485
5 29 0.0413310685945654
6 29 0.00278088126946374
7 29 0.00270786274508957
8 29 0.00349878996833882
9 29 0.00267042510963503
10 29 0.0027297361281682
11 29 0.00270950423093429
12 29 0.0177473458889011
13 29 0.00350882812946308
14 29 0.00298581677853746
15 29 0.00471900073169374
16 29 0.0027117098763322
17 29 0.00304766097136432
18 29 0.00271922022988411
19 29 0.00271984422519548
20 29 0.00271592581535806
21 29 0.00274276574636503
22 29 0.00265567217690376
23 29 0.00284090500066669
24 29 0.00255974445035424
25 29 0.0026377543535837
26 29 0.00273480892883086
27 29 0.00277926213689691
28 29 0.00275687603224179
29 29 0.224826109193678
1 30 0.00365608916856665
2 30 0.00272699858729045
3 30 0.00271341608313434
4 30 0.0026477033209001
5 30 0.00272614179733232
6 30 0.0417009416638413
7 30 0.00277341368853883
8 30 0.0027259076646134
9 30 0.00271291544218248
10 30 0.00273475383999203
11 30 0.002737375584105
12 30 0.0029057200677982
13 30 0.00273800243988024
14 30 0.0029144778800286
15 30 0.00283110416037687
16 30 0.00278201234410099
17 30 0.00341969140121766
18 30 0.00272595894940027
19 30 0.00267953768111085
20 30 0.00283518161407608
21 30 0.00298963857754187
22 30 0.00272922036489416
23 30 0.002452264033823
24 30 0.00274136911203134
25 30 0.00289723222358262
26 30 0.00299694445207733
27 30 0.00271236305756597
28 30 0.00265487373596406
29 30 0.00275479020891286
30 30 0.225239748847333
1 31 0.00274895902963068
2 31 0.00298059807878316
3 31 0.00269310721358463
4 31 0.00271870338227422
5 31 0.0027656406365006
6 31 0.00343574388411792
7 31 0.0431756312132206
8 31 0.00492922894756403
9 31 0.00285438685391559
10 31 0.00271628723232313
11 31 0.00366268493238498
12 31 0.00269034473060688
13 31 0.00271532887657865
14 31 0.00489220060964428
15 31 0.0026664428476568
16 31 0.00714356233367548
17 31 0.00272719598964123
18 31 0.00273856076253526
19 31 0.0027092022067857
20 31 0.00295610524280302
21 31 0.00271310502036264
22 31 0.00272127766665793
23 31 0.00272638987215635
24 31 0.00269371771657431
25 31 0.00270068959047903
26 31 0.0027278122655197
27 31 0.00273297508087651
28 31 0.00272398239931672
29 31 0.00269478219739624
30 31 0.00273524806869225
31 31 0.226487534669382
1 32 0.00274458585101725
2 32 0.00266394057527792
3 32 0.00275231252878384
4 32 0.00292425192811506
5 32 0.00273206105893888
6 32 0.0024068623264403
7 32 0.00269538654874777
8 32 0.0418783414097469
9 32 0.00267803486466565
10 32 0.00277733191763134
11 32 0.00277591055329899
12 32 0.00313425461777116
13 32 0.00306692878848342
14 32 0.00266728410047103
15 32 0.00348927433296609
16 32 0.00267940079833726
17 32 0.00262775777298708
18 32 0.00353697097962537
19 32 0.00274161202349411
20 32 0.002651670426085
21 32 0.00260810454748581
22 32 0.00283310586685004
23 32 0.00353675454505379
24 32 0.00273537864906248
25 32 0.00270259428686129
26 32 0.00267608183592751
27 32 0.00267240139532182
28 32 0.00285658982190332
29 32 0.00346009182410051
30 32 0.00246579289824124
31 32 0.00491236715736479
32 32 0.22242640048093
1 33 0.00274546968516459
2 33 0.00270504828414333
3 33 0.00276561564114482
4 33 0.0030229916063209
5 33 0.00247877855155642
6 33 0.00267295419367686
7 33 0.00713831609035011
8 33 0.00275282449800774
9 33 0.0415777384774127
10 33 0.00268869029575711
11 33 0.00500878784559977
12 33 0.00294638807458268
13 33 0.00270858701205161
14 33 0.00489687974134857
15 33 0.00265263332303967
16 33 0.00714365070684459
17 33 0.00269376781957721
18 33 0.0027368904678166
19 33 0.00277412024440766
20 33 0.00494419762478669
21 33 0.00267046787802907
22 33 0.00298648218173382
23 33 0.00273051623039106
24 33 0.002656959818616
25 33 0.00261915334378065
26 33 0.00269390881768026
27 33 0.00274427924836682
28 33 0.00297450176082257
29 33 0.00268379072819664
30 33 0.00272476795014237
31 33 0.00507479043866644
32 33 0.00278754693401733
33 33 0.227685658648041
1 34 0.00271686179144074
2 34 0.00270403012299447
3 34 0.00303768577694316
4 34 0.00285557565741128
5 34 0.00300652681109885
6 34 0.00274561006896613
7 34 0.00273302046476449
8 34 0.00300119004859618
9 34 0.00494793426556781
10 34 0.0416333761443368
11 34 0.00277943167593792
12 34 0.00310364259175441
13 34 0.00299679674068913
14 34 0.00272421136190777
15 34 0.00311903465785869
16 34 0.00276958848257255
17 34 0.00272771543914836
18 34 0.00272225381762978
19 34 0.00261709510811178
20 34 0.00278800301493185
21 34 0.00270063650715271
22 34 0.00586053809185806
23 34 0.00272493901016774
24 34 0.00283563038951897
25 34 0.00282423370310248
26 34 0.00269271155927627
27 34 0.00299284085473979
28 34 0.00274408926370639
29 34 0.00342719153864688
30 34 0.0027346775714521
31 34 0.00283723479548906
32 34 0.00299755065098274
33 34 0.00286536279512135
34 34 0.227785197327459
1 35 0.00305310488926792
2 35 0.00276092280330814
3 35 0.00285020035024815
4 35 0.00271540013662793
5 35 0.0025607578649691
6 35 0.00301353331959794
7 35 0.00269748356381962
8 35 0.00270336943481251
9 35 0.00493873986440086
10 35 0.00273951895276644
11 35 0.0412635227438652
12 35 0.00295124808692833
13 35 0.00273744597196231
14 35 0.00275720825226281
15 35 0.00279819285708918
16 35 0.0026735676434797
17 35 0.00302070846255124
18 35 0.00269525154608803
19 35 0.00269921627643464
20 35 0.00489017820080028
21 35 0.00267868190117859
22 35 0.00270553809300608
23 35 0.00433960183712856
24 35 0.0031439659552981
25 35 0.00282225850546399
26 35 0.0027410181332951
27 35 0.00284857618615778
28 35 0.0027257730443621
29 35 0.0027408964792896
30 35 0.00278162494732545
31 35 0.00282481260753606
32 35 0.00268129123572305
33 35 0.0049140812000636
34 35 0.00280985798475155
35 35 0.219139134006098
1 36 0.00504663040953675
2 36 0.00273292475285451
3 36 0.0035227028561631
4 36 0.00288634279050854
5 36 0.00277998539269934
6 36 0.0027487242462681
7 36 0.00277961036206184
8 36 0.0026243660580646
9 36 0.00266887748397277
10 36 0.00341460618775748
11 36 0.00263315927641494
12 36 0.0394781740308472
13 36 0.00266917842431769
14 36 0.00274614200792813
15 36 0.00271060428961923
16 36 0.0027116594644837
17 36 0.00480173453482862
18 36 0.00278740142793647
19 36 0.00293253913679679
20 36 0.00270066642153766
21 36 0.0027169780954512
22 36 0.0046215594887949
23 36 0.00289714513443733
24 36 0.00270076006119858
25 36 0.002589880888033
26 36 0.00275770383109017
27 36 0.00342179566436142
28 36 0.00297342381859854
29 36 0.00271513089048659
30 36 0.0029242438708891
31 36 0.0027053798424428
32 36 0.00279695737540403
33 36 0.00295065414273423
34 36 0.00359233573273305
35 36 0.00267041821653738
36 36 0.223962722567767
1 37 0.00279632239598621
2 37 0.00276848820345472
3 37 0.00261452364449013
4 37 0.00264601345536396
5 37 0.00272972762273494
6 37 0.00271949821648524
7 37 0.0022419778242712
8 37 0.00470640625986335
9 37 0.0027110582524971
10 37 0.0044419179305197
11 37 0.00273369427719619
12 37 0.00298818125994354
13 37 0.040721537273081
14 37 0.00246391947119007
15 37 0.00351390546456406
16 37 0.00222151144019404
17 37 0.00276516425898202
18 37 0.00272519047339885
19 37 0.00487895819066496
20 37 0.00260127234892249
21 37 0.00285907524435693
22 37 0.00264428281873804
23 37 0.00280487749914947
24 37 0.00314751313890591
25 37 0.00300514652418874
26 37 0.00279150033318835
27 37 0.00263098848414823
28 37 0.00264510203999348
29 37 0.00352423531321887
30 37 0.00273721495072801
31 37 0.0024839263023184
32 37 0.00315915370775882
33 37 0.00248402328989183
34 37 0.00311991436184794
35 37 0.00280635160590198
36 37 0.00260915053537848
37 37 0.224428269438666
1 38 0.00300696769997828
2 38 0.0027231218230354
3 38 0.00510258025995916
4 38 0.00498323161250454
5 38 0.00301996379982014
6 38 0.00297268833537562
7 38 0.0026754991403143
8 38 0.00269513156501854
9 38 0.00272511705243567
10 38 0.00259863562997176
11 38 0.00300027156599501
12 38 0.00270161439364712
13 38 0.00488668837280296
14 38 0.0412574394741924
15 38 0.00274367450782333
16 38 0.00270850623400218
17 38 0.00300848223660936
18 38 0.00261435974321266
19 38 0.00266640720512665
20 38 0.00497871846265474
21 38 0.00271828086731784
22 38 0.00269946201368697
23 38 0.00271262240153197
24 38 0.00272144699929538
25 38 0.00270427826541085
26 38 0.00270419224398578
27 38 0.00508820675653959
28 38 0.00469339268877491
29 38 0.00304742517015419
30 38 0.00266879349175472
31 38 0.00268390078406576
32 38 0.00269851643145784
33 38 0.00269159911780448
34 38 0.00270965933679585
35 38 0.0030675180382687
36 38 0.00270011487431978
37 38 0.00259956469285638
38 38 0.226298576299596
1 39 0.00270974078142618
2 39 0.00289862640797597
3 39 0.00278587324149557
4 39 0.00266706558937791
5 39 0.00263513829017072
6 39 0.00284495709383286
7 39 0.0027163186062936
8 39 0.00267982423704584
9 39 0.00269477125474239
10 39 0.00263840760223731
11 39 0.00272402185171567
12 39 0.00270618080283408
13 39 0.00270906605004034
14 39 0.002714122187498
15 39 0.041358238196677
16 39 0.00272185514479211
17 39 0.00276670252766324
18 39 0.00264193785556598
19 39 0.00263705919987481
20 39 0.00273183192915168
21 39 0.00271718810445432
22 39 0.0026861788727166
23 39 0.00272578503553786
24 39 0.00271188367856931
25 39 0.00270369313648654
26 39 0.00297850161257467
27 39 0.00272249509373555
28 39 0.00265324018921298
29 39 0.00275132209361116
30 39 0.00281777287933304
31 39 0.00270788490778443
32 39 0.00269727002513829
33 39 0.00268967638259976
34 39 0.00266569680391586
35 39 0.00281718875206989
36 39 0.00269202875835608
37 39 0.00265035709690371
38 39 0.00276325740076907
39 39 0.222875989621386
1 40 0.00277152876788738
2 40 0.00258693810630203
3 40 0.00496642780322556
4 40 0.00519140210630369
5 40 0.00275906912965163
6 40 0.00276790165049613
7 40 0.00724128305633964
8 40 0.00273519966975752
9 40 0.00286222525925872
10 40 0.00270527115611889
11 40 0.00288474450268772
12 40 0.0026844331799153
13 40 0.00276499660935805
14 40 0.00499054029834674
15 40 0.00269190909181485
16 40 0.0427809340434154
17 40 0.00276903856077754
18 40 0.00269934584801885
19 40 0.00268577628579557
20 40 0.00508134804549676
21 40 0.00275905832297469
22 40 0.00274401884288468
23 40 0.00272115235511988
24 40 0.00268529596372604
25 40 0.00264174043198281
26 40 0.00272312292332873
27 40 0.00492285876577151
28 40 0.00486762561060623
29 40 0.0027467377829362
30 40 0.00276291713427587
31 40 0.00527475143661578
32 40 0.00271019149068542
33 40 0.00507314853050856
34 40 0.0028344226082556
35 40 0.0028333874877464
36 40 0.00267990484803541
37 40 0.00239279231638869
38 40 0.00496047908845685
39 40 0.00271448424683271
40 40 0.224542411505767
1 41 0.00299608686834519
2 41 0.00280521585919334
3 41 0.00354291944227016
4 41 0.00272755331178331
5 41 0.00317201485546923
6 41 0.00251354713110862
7 41 0.00274122660319089
8 41 0.0029460502982858
9 41 0.00244880190309742
10 41 0.00351125539303065
11 41 0.00247576247590041
12 41 0.00272399849502104
13 41 0.00268915907418834
14 41 0.00301213838710917
15 41 0.00274818888011029
16 41 0.00268528490710889
17 41 0.040573806442169
18 41 0.00263557982990674
19 41 0.00269068907600625
20 41 0.00249932824636148
21 41 0.00265570596547728
22 41 0.00462161314411675
23 41 0.00294514270779948
24 41 0.00276951616908077
25 41 0.0027254022559581
26 41 0.00281166056818054
27 41 0.00348165264313836
28 41 0.00277996350332652
29 41 0.00307464406360382
30 41 0.00250882565507145
31 41 0.00272104562508754
32 41 0.00262573355292017
33 41 0.00245901276996015
34 41 0.00353478916220622
35 41 0.0027573544810044
36 41 0.0043580956549362
37 41 0.00271137455179616
38 41 0.00301985128532075
39 41 0.00273641351910374
40 41 0.0027024094250275
41 41 0.221994375820417
1 42 0.00288755616231645
2 42 0.00275554433861403
3 42 0.00268350204259434
4 42 0.00280814883678595
5 42 0.00268591606049337
6 42 0.00274093154165904
7 42 0.00268523096524711
8 42 0.00272159317214956
9 42 0.00267010201502763
10 42 0.00265190580418135
11 42 0.00271474427926903
12 42 0.00278141763508554
13 42 0.00300931233059272
14 42 0.00290463660334572
15 42 0.00275642754186444
16 42 0.00266129438866851
17 42 0.00278511301843389
18 42 0.0411107669025542
19 42 0.00279010882808762
20 42 0.00278000102897538
21 42 0.00489107409710607
22 42 0.00269703480993859
23 42 0.00297858086843591
24 42 0.00274548848973454
25 42 0.00270252703486545
26 42 0.00484737011533374
27 42 0.00272644560181295
28 42 0.00271752086540872
29 42 0.00270442174140333
30 42 0.00298329101649401
31 42 0.0027026343691099
32 42 0.0034814857083113
33 42 0.00270425399933198
34 42 0.00243794080616988
35 42 0.00272192105744757
36 42 0.00270591297399351
37 42 0.00274036125401767
38 42 0.00290352099428982
39 42 0.00270885349763539
40 42 0.00269635541888643
41 42 0.00262581205076267
42 42 0.225140735922242
1 43 0.00271436677307205
2 43 0.0028496991810769
3 43 0.00271077048879626
4 43 0.00272924877677516
5 43 0.00269880496661895
6 43 0.00245146920333221
7 43 0.00269363938434797
8 43 0.00247924304650087
9 43 0.00274824509371972
10 43 0.002431626958258
11 43 0.0026629468364036
12 43 0.00273407020599665
13 43 0.0056738083056242
14 43 0.00272012313764069
15 43 0.00265686098117601
16 43 0.00272088650221123
17 43 0.00273750581024454
18 43 0.00273785967554373
19 43 0.0405962169705653
20 43 0.00266780159586425
21 43 0.00311367930129417
22 43 0.00266073477108338
23 43 0.00275427150258181
24 43 0.00265164278011652
25 43 0.00270712466313376
26 43 0.00276951291216892
27 43 0.00298099342138803
28 43 0.00271626009965714
29 43 0.00268123815070549
30 43 0.00250379675012811
31 43 0.00267962815320544
32 43 0.00279921509191556
33 43 0.00275573709851594
34 43 0.00268576764571161
35 43 0.0027203082779826
36 43 0.00271891018272968
37 43 0.00494096174702407
38 43 0.00269740796849371
39 43 0.00268022713952438
40 43 0.00269001029069017
41 43 0.00266397552234941
42 43 0.00270305258032084
43 43 0.223919511388712
1 44 0.00276663215930126
2 44 0.00269555065445504
3 44 0.00495413215240949
4 44 0.00517937217611184
5 44 0.00276130426308284
6 44 0.00284837597525396
7 44 0.00271854094459126
8 44 0.00277067266327699
9 44 0.00271964094635268
10 44 0.00271246075823216
11 44 0.00286405747853024
12 44 0.00274687534058539
13 44 0.0027363222530342
14 44 0.00274224026260678
15 44 0.00273403347897286
16 44 0.00265757072254994
17 44 0.00279272268158276
18 44 0.00276118299894208
19 44 0.00271604381271925
20 44 0.0414705973534379
21 44 0.00271709944071491
22 44 0.00268499541892859
23 44 0.00241227593781079
24 44 0.0026946860198358
25 44 0.00265335749711974
26 44 0.0027028625636822
27 44 0.00491950181878767
28 44 0.00490908711970483
29 44 0.00286998624697924
30 44 0.00274357914383849
31 44 0.00275933535051236
32 44 0.0027237788425622
33 44 0.00270819131987831
34 44 0.00275659331027343
35 44 0.00267704744261164
36 44 0.00275431106168874
37 44 0.00265774715405657
38 44 0.00496654422728058
39 44 0.00298366723794485
40 44 0.00493202051010288
41 44 0.00277074345624928
42 44 0.00279017280972973
43 44 0.00269917980416608
44 44 0.225980779290469
1 45 0.00274180852799551
2 45 0.00491096893821977
3 45 0.00264692963866174
4 45 0.00275388861175267
5 45 0.00278921602590119
6 45 0.00261787253283592
7 45 0.00268573890128824
8 45 0.00268927922343807
9 45 0.00274938918264872
10 45 0.00268546813271716
11 45 0.00265161627035342
12 45 0.00274904406513816
13 45 0.00289881506798997
14 45 0.00273228705286571
15 45 0.00304055366135907
16 45 0.00274977042132462
17 45 0.00271692276117099
18 45 0.00273525678498946
19 45 0.00277052303002143
20 45 0.00270832691241593
21 45 0.0416674926782818
22 45 0.00268802178463894
23 45 0.00269448953854962
24 45 0.00326744736463245
25 45 0.00267544528583008
26 45 0.00489126288203703
27 45 0.00489860790948404
28 45 0.0027220706768882
29 45 0.00272802274593336
30 45 0.00272502362255647
31 45 0.0027805551638568
32 45 0.00261205193691978
33 45 0.00270692168671173
34 45 0.00270943300742002
35 45 0.00274757968836876
36 45 0.00267938362888364
37 45 0.00277031160252771
38 45 0.00271594901215527
39 45 0.0027145635622014
40 45 0.00273142748275105
41 45 0.00266027195294598
42 45 0.00269903586751128
43 45 0.0030432856542635
44 45 0.00270872399659484
45 45 0.225114241074319
1 46 0.00270379705286531
2 46 0.00272852550804079
3 46 0.00271884608406004
4 46 0.0030090035600027
5 46 0.00305602480205437
6 46 0.00272090782355547
7 46 0.00271655951551925
8 46 0.00242593983579068
9 46 0.00491108762038344
10 46 0.00459271685285978
11 46 0.0026932688390457
12 46 0.00298220254118921
13 46 0.00508972710438868
14 46 0.00282207496147472
15 46 0.00264868333570262
16 46 0.00269651527397584
17 46 0.00269833077725472
18 46 0.00275779107828865
19 46 0.00496950001529518
20 46 0.00277206878756633
21 46 0.00286275667427284
22 46 0.0411190520677732
23 46 0.00276845148119761
24 46 0.00272156087856999
25 46 0.00267233474275848
26 46 0.00273927847577387
27 46 0.00271991187426306
28 46 0.0029876078890558
29 46 0.00266451087583359
30 46 0.00273246420900867
31 46 0.00271154806532951
32 46 0.00280253968720239
33 46 0.0029774955751246
34 46 0.00497275244757534
35 46 0.00274395846963548
36 46 0.0029734776080448
37 46 0.00491766519120261
38 46 0.00280345746831515
39 46 0.00269188356476246
40 46 0.00276447649837429
41 46 0.00271133809905309
42 46 0.00347850659311944
43 46 0.00497638311786694
44 46 0.00272936375315743
45 46 0.00276938821409638
46 46 0.224078807358981
1 47 0.00280308608662241
2 47 0.00270954150964782
3 47 0.00496248711276041
4 47 0.00308163058142164
5 47 0.00280813416591377
6 47 0.00268270507960004
7 47 0.00262422411143134
8 47 0.00272105942686311
9 47 0.00269401667146248
10 47 0.00278644933964397
11 47 0.00266666145782313
12 47 0.00284511518087425
13 47 0.00273423307009848
14 47 0.00264851126796518
15 47 0.00271924966026328
16 47 0.00274212419433741
17 47 0.00276574161597133
18 47 0.00306776600892839
19 47 0.00273615502634857
20 47 0.00271123388758678
21 47 0.00273190387497936
22 47 0.00272922622885211
23 47 0.0420833519635521
24 47 0.00280766299959153
25 47 0.00268856955464084
26 47 0.00272992962165676
27 47 0.00277229732822395
28 47 0.00281415708037655
29 47 0.00281908238944504
30 47 0.0026886292866972
31 47 0.00264357814061001
32 47 0.00352757238641341
33 47 0.00270407058374716
34 47 0.00273111982272653
35 47 0.00336858539814279
36 47 0.00264114494074451
37 47 0.00277381224973235
38 47 0.00272911151931439
39 47 0.0027598089633824
40 47 0.00271955054789454
41 47 0.00279209722080552
42 47 0.00300322670859384
43 47 0.0027397150331858
44 47 0.00245552228956242
45 47 0.00267984004660426
46 47 0.00276274170087969
47 47 0.226265528496258
1 48 0.00497737323375715
2 48 0.00270927750084727
3 48 0.00271368171941735
4 48 0.00281557413621812
5 48 0.00278645419348702
6 48 0.00270108704340996
7 48 0.00269279970311122
8 48 0.00271331869549791
9 48 0.00269350210425542
10 48 0.00278729500376383
11 48 0.00262989271275224
12 48 0.0050546026137884
13 48 0.00272645530500565
14 48 0.00267762998708383
15 48 0.00241412447339687
16 48 0.00267734165198792
17 48 0.00269266210723438
18 48 0.00349287550743078
19 48 0.00273373309354759
20 48 0.00262938214765504
21 48 0.00271018596614116
22 48 0.00279489097718991
23 48 0.00382107882127788
24 48 0.0407260437400844
25 48 0.002878450763196
26 48 0.00264425844241925
27 48 0.00273228459671115
28 48 0.00282886714066821
29 48 0.00254063088429894
30 48 0.00281908576318835
31 48 0.00271585547649875
32 48 0.00461558684154713
33 48 0.00276676754071407
34 48 0.00283970563700736
35 48 0.00313484001578846
36 48 0.00279493500741269
37 48 0.00300888570198245
38 48 0.00270215866484451
39 48 0.00243132317186909
40 48 0.00268403813782924
41 48 0.00269693464210499
42 48 0.00349398749971934
43 48 0.00271477288943464
44 48 0.00265825099900786
45 48 0.00274226114037686
46 48 0.00284005922159326
47 48 0.003613052331058
48 48 0.217105521763803
1 49 0.00283190216350609
2 49 0.00249831205781889
3 49 0.00271889814484534
4 49 0.00269249778044296
5 49 0.00271938455222778
6 49 0.00502824891657131
7 49 0.00302429039053354
8 49 0.00270691028741786
9 49 0.00272416220749483
10 49 0.0028187402736158
11 49 0.00272560564266441
12 49 0.00279470130716052
13 49 0.00274431367662172
14 49 0.00283493339040521
15 49 0.00274777459783383
16 49 0.0027289755291458
17 49 0.00283847576869189
18 49 0.00234840772660196
19 49 0.0025683484147221
20 49 0.00283461675990712
21 49 0.00266531143042955
22 49 0.00271083143332349
23 49 0.00254279780645739
24 49 0.00302126849790924
25 49 0.0417805000521152
26 49 0.00273788330195586
27 49 0.00267749025969772
28 49 0.00256218930979889
29 49 0.002766946671797
30 49 0.00509454946666922
31 49 0.00271688433231727
32 49 0.00245731915671485
33 49 0.00272303759728762
34 49 0.00283494876593083
35 49 0.0028006132642016
36 49 0.00274802494747043
37 49 0.00300243357978298
38 49 0.00269711296341605
39 49 0.00272121841807386
40 49 0.00272981136954702
41 49 0.0027329376120754
42 49 0.00272259659012299
43 49 0.00245821870524816
44 49 0.00272895109378635
45 49 0.00266495209452768
46 49 0.00273096419404254
47 49 0.00273096567676448
48 49 0.00296877112694167
49 49 0.227294958354321
1 50 0.0401372375555868
2 50 0.0029786021876397
3 50 0.0026948109957246
4 50 0.00268205071025283
5 50 0.00270904261820062
6 50 0.00272356519819762
7 50 0.00274423442004745
8 50 0.00271583690814786
9 50 0.00269343705811526
10 50 0.00269732037660792
11 50 0.00269889623678547
12 50 0.00518792791986739
13 50 0.00277525036865554
14 50 0.00270028036203222
15 50 0.00293195982628318
16 50 0.00270877633094461
17 50 0.00542263259131718
18 50 0.00363034256804874
19 50 0.00273477880537501
20 50 0.00268010148872682
21 50 0.002885361099461
22 50 0.00249242155393071
23 50 0.00329360087654422
24 50 0.00285540508207193
25 50 0.00255049518598209
26 50 0.00310066424708154
27 50 0.00271846699026899
28 50 0.00280238489423719
29 50 0.00271121058964216
30 50 0.00362613844239821
31 50 0.00271706806401152
32 50 0.00461850177475078
33 50 0.00276360121094925
34 50 0.00271512872013698
35 50 0.00272411647782924
36 50 0.00514317713686141
37 50 0.00280966137075089
38 50 0.00267933912609627
39 50 0.00294618114897759
40 50 0.00270200143617952
41 50 0.0025807987030834
42 50 0.0036321989456991
43 50 0.00276215786715499
44 50 0.0027307500457282
45 50 0.00272544949595403
46 50 0.00280255156291607
47 50 0.00327768580364807
48 50 0.00466070668990376
49 50 0.00280292037735547
50 50 0.211584754537982
